[[-1.        -1.         1.        -1.         1.        -0.7471299]]
[[-1.         -1.          1.         -1.          1.         -0.83714235]]
[[-1.         -1.          1.         -1.          1.         -0.90087056]]
[[-1.        -1.         1.        -1.         1.        -0.9427707]]
[[-1.        -1.         1.        -1.         1.        -0.9600308]]
[[-1.         -1.          1.         -1.          1.         -0.97759926]]
[[-1. -1.  1. -1.  1. -1.]]
[[-1. -1.  1. -1.  1. -1.]]
[[-1.         -1.          0.92454886 -1.          1.         -1.        ]]
[[-1.         -1.          0.79250586 -1.          1.         -1.        ]]
[[-1.        -1.         0.6430646 -1.         1.        -1.       ]]
[[-1.        -1.         0.4414837 -1.         1.        -1.       ]]
[[-1.         -1.          0.20113996 -1.          1.         -1.        ]]
[[-1.         -1.         -0.00911668 -1.          1.         -1.        ]]
[[-1.         -1.         -0.16023687 -1.          1.         -1.        ]]
[[-1.         -1.         -0.26260564 -1.          1.         -1.        ]]
[[-1.         -1.         -0.33111033 -1.          1.         -1.        ]]
[[-1.         -1.         -0.37527278 -1.          1.         -1.        ]]
[[-1.         -1.         -0.39944538 -1.          1.         -1.        ]]
[[-1.        -1.        -0.4015157 -1.         1.        -1.       ]]
[[-1.         -0.81754965 -0.36575946 -1.          1.         -1.        ]]
[[-1.          0.05898336 -0.21173826 -1.          1.         -1.        ]]
[[-1.          0.35539126  0.16112411 -1.          1.         -1.        ]]
[[-1.          0.36634344  0.7205497  -1.         -0.81654555 -0.9768193 ]]
[[-0.35943973 -0.1474562   1.         -1.         -1.         -0.58827066]]
[[-0.26595747 -0.4724929   0.7394872  -1.         -1.         -0.54227656]]
[[-0.28078926 -0.56431603  0.5455345  -1.         -1.         -0.5001668 ]]
[[-0.30675238 -0.5784826   0.53310657 -1.         -1.         -0.4463213 ]]
[[-0.34172273 -0.56899333  0.5434816  -1.         -1.         -0.39248246]]
[[-0.3778519  -0.5515955   0.56154525 -1.         -1.         -0.33748293]]
[[-0.41434497 -0.5335359   0.5795282  -1.         -1.         -0.27497292]]
[[-0.4491127  -0.51079077  0.5979028  -1.         -1.         -0.21751209]]
[[-0.47178406 -0.46827438  0.6174679  -1.         -1.         -0.23477872]]
[[-0.48947895 -0.44490182  0.62496865 -1.         -1.         -0.24344958]]
[[-0.50982714 -0.42671672  0.62332535 -1.         -1.         -0.260984  ]]
[[-0.53058857 -0.40893033  0.624673   -1.         -1.         -0.2835545 ]]
[[-0.55089885 -0.39097816  0.626392   -1.         -1.         -0.3098142 ]]
[[-0.5698446  -0.37360483  0.6272892  -1.         -1.         -0.3390832 ]]
[[-0.5869464  -0.3572613   0.62646663 -1.         -1.         -0.37109214]]
[[-0.6018841  -0.34218267  0.6234328  -1.         -1.         -0.40574235]]
[[-0.6144241  -0.32848367  0.61781764 -1.         -0.93045634 -0.44298595]]
[[-0.61081344 -0.3005655   0.6212061  -1.         -0.8590335  -0.4563098 ]]
[[-0.59547883 -0.28138125  0.6073399  -1.         -0.8096404  -0.4577098 ]]
[[-0.57843965 -0.2759381   0.57835656 -1.         -0.73919135 -0.46141636]]
[[-0.55713844 -0.27040535  0.55371654 -1.         -0.67669517 -0.45705432]]
[[-0.53469926 -0.26907557  0.5252955  -0.8416474  -0.6072925  -0.44983375]]
[[-0.51712483 -0.2758598   0.47447053 -0.58309466 -0.51405805 -0.44345766]]
[[-0.500146   -0.28564742  0.42480847 -0.37065923 -0.43394426 -0.426404  ]]
[[-0.48349118 -0.29580796  0.38771373 -0.20933172 -0.37235418 -0.3987723 ]]
[[-0.46866006 -0.3051609   0.35977516 -0.08943176 -0.3217228  -0.36415398]]
[[-0.45540124 -0.31310475  0.3399266  -0.00312284 -0.28148675 -0.3237416 ]]
[[-0.44384766 -0.32007656  0.32523903  0.05697638 -0.24756084 -0.27938163]]
[[-0.4335807  -0.32607868  0.3146726   0.09664753 -0.21890707 -0.23160686]]
[[-0.4244687  -0.33148363  0.30690172  0.11976299 -0.19414012 -0.18136989]]
[[-0.41632426 -0.33638892  0.30120647  0.12953547 -0.1723697  -0.12916237]]
[[-0.4089651  -0.3408943   0.29702136  0.12863573 -0.15288661 -0.07538556]]
[[-0.40223348 -0.3450929   0.29391366  0.11920223 -0.13514344 -0.02037681]]
[[-0.39599824 -0.34906012  0.29156178  0.10294268 -0.11871956  0.03557722]]
[[-0.3901532  -0.35285223  0.28973022  0.08122751 -0.10329474  0.09222879]]
[[-0.38461262 -0.35651073  0.2882499   0.05516219 -0.08862842  0.14935955]]
[[-0.37930855 -0.36006603  0.28700125  0.02564092 -0.07454208  0.20677356]]
[[-0.37492785 -0.36475125  0.28792363 -0.01643762 -0.06774954  0.26322168]]
[[-0.37317267 -0.37082142  0.29335156 -0.08003879 -0.07508188  0.31535333]]
[[-0.37359184 -0.3741817   0.30054042 -0.14320028 -0.08461422  0.36173493]]
[[-0.3743075  -0.3761768   0.30818668 -0.19920835 -0.09475637  0.40365797]]
[[-0.37492335 -0.37796172  0.31395867 -0.2452668  -0.10184667  0.4412861 ]]
[[-0.37505206 -0.3798499   0.3181463  -0.2824055  -0.10634025  0.47577155]]
[[-0.37474757 -0.38205415  0.32056323 -0.3120342  -0.10795105  0.5077004 ]]
[[-0.37402922 -0.38454834  0.3217139  -0.33612132 -0.10749331  0.53778756]]
[[-0.3730147  -0.3872975   0.32185185 -0.35623372 -0.1053933   0.56644225]]
[[-0.37178302 -0.39021954  0.32134014 -0.3737041  -0.10224742  0.5940136 ]]
[[-0.37068728 -0.3933401   0.32006693 -0.39054537 -0.09799761  0.6200056 ]]
[[-0.37134755 -0.39679083  0.31723917 -0.4150397  -0.09205209  0.6403934 ]]
[[-0.37154692 -0.39779407  0.3213823  -0.44598255 -0.09758001  0.6598631 ]]
[[-0.37265405 -0.3982182   0.32447684 -0.47459373 -0.10196023  0.6748599 ]]
[[-0.37363738 -0.39782366  0.32887292 -0.5007775  -0.10850987  0.6874061 ]]
[[-0.37475187 -0.3972819   0.33221447 -0.5222552  -0.11344542  0.6969893 ]]
[[-0.37565964 -0.39660662  0.3351922  -0.5395664  -0.11774512  0.7046012 ]]
[[-0.37643272 -0.396016    0.3372506  -0.55277884 -0.12052946  0.71044743]]
[[-0.37699625 -0.39550805  0.3387241  -0.56272364 -0.12231129  0.7150839 ]]
[[-0.37739968 -0.39512664  0.33958173 -0.5699934  -0.1230595   0.71877086]]
[[-0.37764996 -0.39484882  0.3400277  -0.5752782  -0.12310605  0.7218101 ]]
[[-0.37778646 -0.39466664  0.34013483 -0.57908463 -0.12258341  0.7243731 ]]
[[-0.37783146 -0.39455622  0.34002328 -0.58185405 -0.121692    0.72661066]]
[[-0.3778119  -0.39450157  0.33975637 -0.5838997  -0.12054367  0.7286129 ]]
[[-0.377746   -0.39448535  0.33939797 -0.585462   -0.11924525  0.73044896]]
[[-0.37764937 -0.3944958   0.33898538 -0.58670497 -0.11786235  0.7321607 ]]
[[-0.37753314 -0.3945228   0.3385486  -0.5877445  -0.11644498  0.7337769 ]]
[[-0.3774054  -0.39455923  0.33810598 -0.58865637 -0.11502487  0.7353159 ]]
[[-0.37727183 -0.39460027  0.33766958 -0.58949053 -0.11362184  0.7367891 ]]
[[-0.37713602 -0.39464185  0.33724752 -0.5902784  -0.11224934  0.7382044 ]]
[[-0.37700045 -0.39468256  0.33684283 -0.59103835 -0.11091225  0.7395663 ]]
[[-0.37686676 -0.39472014  0.33645862 -0.59178233 -0.10961471  0.74087894]]
[[-0.37673542 -0.3947545   0.3360952  -0.5925164  -0.10835781  0.7421449 ]]
[[-0.37660736 -0.39478433  0.33575252 -0.59324384 -0.10713958  0.74336636]]
[[-0.3764823  -0.39480993  0.33543047 -0.59396684 -0.10596017  0.7445457 ]]
[[-0.37636054 -0.39483142  0.33512795 -0.59468603 -0.10481678  0.7456847 ]]
[[-0.37624198 -0.39484805  0.33484453 -0.59540176 -0.10370793  0.74678564]]
[[-0.37612632 -0.39486063  0.33457908 -0.5961144  -0.10263178  0.7478503 ]]
[[-0.37601364 -0.39486897  0.33433083 -0.59682465 -0.10158606  0.7488804 ]]
[[-0.37590367 -0.39487335  0.33409926 -0.5975323  -0.10056931  0.7498782 ]]
[[-0.37579626 -0.39487338  0.33388355 -0.5982374  -0.09957986  0.7508455 ]]
[[-0.37569135 -0.3948698   0.33368263 -0.5989412  -0.09861545  0.75178355]]
[[-0.37558848 -0.3948623   0.33349663 -0.59964323 -0.09767591  0.75269485]]
[[-0.37548798 -0.39485174  0.33332354 -0.60034406 -0.0967576   0.75358003]]
[[-0.3753894  -0.3948369   0.33316478 -0.60104495 -0.09586173  0.7544418 ]]
[[-0.37529272 -0.3948192   0.33301818 -0.6017456  -0.09498516  0.7552807 ]]
[[-0.3751977  -0.39479795  0.33288392 -0.6024463  -0.09412748  0.7560986 ]]
[[-0.37510452 -0.39477345  0.3327614  -0.60314786 -0.09328707  0.7568966 ]]
[[-0.37501284 -0.39474577  0.33265045 -0.60385096 -0.09246368  0.7576764 ]]
[[-0.3749224  -0.39471513  0.33255035 -0.604555   -0.09165576  0.7584389 ]]
[[-0.37483352 -0.3946815   0.33246037 -0.6052612  -0.09086148  0.75918484]]
[[-0.37474567 -0.39464504  0.33238122 -0.6059699  -0.0900818   0.7599162 ]]
[[-0.37465918 -0.39460528  0.33231142 -0.6066804  -0.08931389  0.76063335]]
[[-0.37457353 -0.39456308  0.33225137 -0.60739416 -0.08855855  0.7613375 ]]
[[-0.3744889  -0.3945181   0.3322002  -0.60811055 -0.08781352  0.7620294 ]]
[[-0.37440515 -0.39447048  0.3321582  -0.6088309  -0.08707912  0.7627101 ]]
[[-0.3743222  -0.3944201   0.33212483 -0.60955447 -0.0863543   0.76338035]]
[[-0.37423992 -0.39436725  0.3320995  -0.6102817  -0.08563816  0.76404077]]
[[-0.3741582  -0.39431182  0.33208263 -0.61101323 -0.08493047  0.7646924 ]]
[[-0.3740772  -0.3942539   0.3320734  -0.6117488  -0.08422969  0.76533556]]
[[-0.3739965  -0.3941935   0.33207232 -0.612489   -0.08353683  0.7659714 ]]
[[-0.37391633 -0.39413083  0.33207798 -0.6132332  -0.08284929  0.7666    ]]
[[-0.37383646 -0.39406544  0.33209163 -0.6139828  -0.08216849  0.7672224 ]]
[[-0.37375686 -0.39399776  0.33211213 -0.6147368  -0.08149246  0.76783884]]
[[-0.3736774  -0.39392802  0.3321396  -0.6154961  -0.08082137  0.76844996]]
[[-0.37359816 -0.39385584  0.33217406 -0.6162609  -0.08015496  0.76905644]]
[[-0.37351912 -0.39378116  0.33221507 -0.61703086 -0.07949197  0.76965827]]
[[-0.37343988 -0.39370424  0.33226305 -0.61780626 -0.07883338  0.77025664]]
[[-0.3733609  -0.39362538  0.33231673 -0.61858726 -0.07817638  0.77085096]]
[[-0.3732815  -0.39354387  0.33237797 -0.6193744  -0.07752404  0.771443  ]]
[[-0.37320247 -0.39346033  0.33244407 -0.620167   -0.07687172  0.7720315 ]]
[[-0.37312275 -0.39337426  0.33251792 -0.62096626 -0.07622395  0.7726186 ]]
[[-0.37304324 -0.39328644  0.33259624 -0.621771   -0.07557512  0.77320284]]
[[-0.37296313 -0.39319593  0.3326823  -0.6225829  -0.0749302   0.7737863 ]]
[[-0.37288302 -0.3931034   0.33277297 -0.62340033 -0.07428419  0.7743678 ]]
[[-0.37280235 -0.39300862  0.33287063 -0.62422514 -0.07364035  0.7749487 ]]
[[-0.3727215  -0.39291155  0.33297348 -0.6250561  -0.07299582  0.77552855]]
[[-0.37264    -0.392812    0.33308294 -0.62589395 -0.07235248  0.7761084 ]]
[[-0.37255818 -0.39271078  0.3331973  -0.62673867 -0.07170785  0.77668744]]
[[-0.3724758  -0.39260674  0.33331847 -0.62759054 -0.07106391  0.77726704]]
[[-0.37239292 -0.39250055  0.3334447  -0.62844896 -0.07041852  0.7778466 ]]
[[-0.3723095  -0.39239225  0.33357713 -0.6293156  -0.06977258  0.77842665]]
[[-0.3722254  -0.39228132  0.33371544 -0.6301888  -0.06912573  0.7790077 ]]
[[-0.37214077 -0.39216834  0.3338592  -0.63106966 -0.06847704  0.77958924]]
[[-0.37205523 -0.39205298  0.33400905 -0.631958   -0.06782749  0.7801721 ]]
[[-0.37196934 -0.39193517  0.33416432 -0.6328541  -0.06717513  0.78075594]]
[[-0.37188244 -0.3918149   0.33432633 -0.63375854 -0.06652219  0.78134155]]
[[-0.371795   -0.3916924   0.334493   -0.63466954 -0.06586572  0.7819284 ]]
[[-0.37170663 -0.39156723  0.33466667 -0.6355898  -0.06520811  0.78251743]]
[[-0.37161756 -0.3914398   0.3348454  -0.6365173  -0.06454694  0.7831079 ]]
[[-0.37152743 -0.39130986  0.33503073 -0.63745344 -0.06388385  0.7837006 ]]
[[-0.37143666 -0.39117727  0.3352214  -0.6383973  -0.06321705  0.7842952 ]]
[[-0.37134492 -0.3910423   0.3354186  -0.63935006 -0.06254761  0.78489214]]
[[-0.3712523  -0.39090443  0.33562204 -0.6403113  -0.06187508  0.78549165]]
[[-0.37115872 -0.39076436  0.335831   -0.6412808  -0.0611987   0.78609335]]
[[-0.37106404 -0.39062154  0.33604664 -0.64225906 -0.06051924  0.78669786]]
[[-0.37096864 -0.39047584  0.33626816 -0.64324605 -0.05983524  0.78730476]]
[[-0.37087196 -0.39032727  0.33649665 -0.6442419  -0.05914821  0.78791475]]
[[-0.37077448 -0.39017645  0.33673048 -0.64524657 -0.058456    0.7885271 ]]
[[-0.37067574 -0.39002237  0.33697185 -0.6462606  -0.05776079  0.78914285]]
[[-0.37057617 -0.3898659   0.33721882 -0.6472838  -0.05705995  0.78976095]]
[[-0.3704753  -0.3897059   0.33747348 -0.64831614 -0.05635596  0.79038274]]
[[-0.37037355 -0.3895434   0.33773363 -0.64935756 -0.05564564  0.791007  ]]
[[-0.37027037 -0.38937783  0.33800164 -0.6504088  -0.05493207  0.7916348 ]]
[[-0.3701663  -0.38920936  0.33827555 -0.651469   -0.05421202  0.7922654 ]]
[[-0.37006092 -0.38903764  0.3385572  -0.65253925 -0.05348799  0.7928995 ]]
[[-0.36995447 -0.38886273  0.3388454  -0.6536188  -0.05275766  0.79353654]]
[[-0.36984664 -0.3886848   0.33914122 -0.6547084  -0.05202286  0.7941771 ]]
[[-0.3697378  -0.38850373  0.33944348 -0.6558076  -0.05128107  0.79482067]]
[[-0.36962754 -0.38831896  0.3397543  -0.6569172  -0.05053508  0.795468  ]]
[[-0.36951607 -0.38813114  0.34007138 -0.65803504 -0.04978143  0.79611796]]
[[-0.36940306 -0.38793987  0.34039658 -0.6591623  -0.04902232  0.7967713 ]]
[[-0.36928886 -0.38774493  0.34072915 -0.6602987  -0.04825632  0.79742765]]
[[-0.36917326 -0.38754684  0.3410693  -0.66144526 -0.04748394  0.7980871 ]]
[[-0.36905622 -0.3873452   0.34141773 -0.66260207 -0.04670549  0.79874986]]
[[-0.36893815 -0.38713968  0.3417739  -0.663769   -0.04591948  0.7994156 ]]
[[-0.36881852 -0.38693058  0.3421388  -0.6649468  -0.04512793  0.8000848 ]]
[[-0.3686977  -0.3867177   0.34251133 -0.66613436 -0.04432816  0.8007567 ]]
[[-0.36857533 -0.3865009   0.342893   -0.667333   -0.04352225  0.80143195]]
[[-0.36845195 -0.38628042  0.34328255 -0.66854215 -0.04270785  0.8021098 ]]
[[-0.36832684 -0.38605547  0.3436821  -0.66976225 -0.04188777  0.8027912 ]]
[[-0.36820072 -0.38582698  0.344089   -0.6709925  -0.0410577   0.8034747 ]]
[[-0.3680727  -0.38559386  0.34450683 -0.67223394 -0.04022278  0.804162  ]]
[[-0.3679439  -0.38535726  0.34493124 -0.67348516 -0.039376    0.8048507 ]]
[[-0.36781293 -0.38511544  0.34536847 -0.67474896 -0.03852607  0.80554366]]
[[-0.3676815  -0.3848701   0.34581104 -0.676021   -0.0376615   0.8062372 ]]
[[-0.36754757 -0.38461915  0.3462685  -0.67730695 -0.03679591  0.80693555]]
[[-0.36741343 -0.38436517  0.34672964 -0.67860025 -0.03591311  0.8076335 ]]
[[-0.3672763  -0.3841051   0.34720775 -0.6799083  -0.03503125  0.80833673]]
[[-0.36713964 -0.38384163  0.34768814 -0.68122256 -0.03412868  0.8090385 ]]
[[-0.3669991  -0.3835718   0.34818846 -0.68255293 -0.03323097  0.80974656]]
[[-0.3668601  -0.3832994   0.34868717 -0.6838881  -0.03230612  0.8104509 ]]
[[-0.36671597 -0.38301882  0.34921217 -0.68524206 -0.03139397  0.8111638 ]]
[[-0.36657494 -0.38273716  0.3497287  -0.6865965  -0.03044424  0.8118697 ]]
[[-0.36642697 -0.3824449   0.3502807  -0.68797493 -0.02951855  0.8125874 ]]
[[-0.36628395 -0.3821547   0.35081378 -0.6893479  -0.02854133  0.8132933 ]]
[[-0.36613178 -0.38184983  0.35139525 -0.69075143 -0.02760344  0.81401575]]
[[-0.36598748 -0.38155067  0.35194382 -0.6921418  -0.02659454  0.81472003]]
[[-0.3658303  -0.38123226  0.35255888 -0.69357187 -0.02564845  0.8154479 ]]
[[-0.36568564 -0.38092485  0.35311913 -0.6949771  -0.02460092  0.8161479 ]]
[[-0.36552233 -0.3805913   0.3537741  -0.6964365  -0.02365341  0.8168826 ]]
[[-0.36537886 -0.38027647  0.35433996 -0.6978524  -0.02255658  0.81757426]]
[[-0.36520737 -0.37992516  0.35504517 -0.6993462  -0.02161936  0.8183185 ]]
[[-0.36506766 -0.379606    0.35560513 -0.70076585 -0.02045594  0.8189958 ]]
[[-0.3648849  -0.37923175  0.35637772 -0.7023015  -0.01954942  0.8197554 ]]
[[-0.3647532  -0.37891307  0.35691154 -0.70371383 -0.01829072  0.8204084 ]]
[[-0.36455345 -0.37850922  0.3577797  -0.70530576 -0.01745029  0.8211931 ]]
[[-0.3644373  -0.37819877  0.358253   -0.7066912  -0.0160472   0.821806  ]]
[[-0.36421084 -0.37775314  0.35926497 -0.7083632  -0.01533535  0.82263404]]
[[-0.364123   -0.37746638  0.35961524 -0.7096877  -0.01370346  0.82317984]]
[[-0.36385304 -0.37695736  0.36085552 -0.7114829  -0.01322889  0.82408345]]
[[-0.3638162  -0.37672144  0.36097366 -0.71268904 -0.01122076  0.8245156 ]]
[[-0.36346188 -0.37609994  0.3625907  -0.7145542  -0.01117265  0.82552344]]
[[-0.36350542 -0.3759672   0.36224335 -0.71535826 -0.00848196  0.8257059 ]]
[[-0.36296648 -0.3751352   0.36449492 -0.71691763 -0.0091909   0.82679516]]
[[-0.3631602  -0.37525436  0.36318737 -0.71689963 -0.00520726  0.82646835]]
[[-0.36232656 -0.37409514  0.3666588  -0.71857893 -0.00747959  0.82786953]]
[[-0.36286288 -0.37468225  0.36362118 -0.7176403  -0.00121806  0.82675797]]
[[-0.3615258  -0.37288836  0.36945546 -0.72005177 -0.00654479  0.82890797]]
[[-0.3627488  -0.37435573  0.36316293 -0.71775603  0.0039619   0.82646227]]
[[-0.36047304 -0.37133324  0.3735454  -0.7218518  -0.00724509  0.8301844 ]]
[[-0.36302656 -0.37449828  0.360978   -0.71713793  0.01140439  0.8253072 ]]
[[-0.358934   -0.36908084  0.38018906 -0.7246156  -0.01119135  0.8321922 ]]
[[-0.3640726  -0.3755786   0.35533345 -0.7152436   0.02334009  0.82268965]]
[[-0.35640404 -0.36543933  0.39189914 -0.72937167 -0.02158237  0.83587486]]
[[-0.3666308  -0.37856954  0.3426637  -0.71077013  0.04433835  0.8173337 ]]
[[-0.3518882  -0.3590479   0.41380626 -0.7386073  -0.04497048  0.8432239 ]]
[[-0.37226444 -0.3854582   0.31573665 -0.7014316   0.0836545   0.80671906]]
[[-0.34412187 -0.34790164  0.45661846 -0.7663593  -0.09554594  0.8602762 ]]
[[-0.384812   -0.39983815  0.2617448  -0.690817    0.1580898   0.78809047]]
[[-0.32882214 -0.32483318  0.54152226 -0.81478274 -0.19866598  0.8936145 ]]
[[-0.4084254  -0.42797214  0.14947794 -0.64066577  0.3090634   0.7448522 ]]
[[-0.29845    -0.2821112   0.70418346 -0.8983364  -0.40208176  0.9556267 ]]
[[-0.45423603 -0.48319823 -0.07009421 -0.52901995  0.6001672   0.65759176]]
[[-0.24573562 -0.2061235   0.9970268  -1.         -0.7758908   1.        ]]
[[-0.5367833  -0.583904   -0.43588546 -0.37455732  1.          0.5101256 ]]
[[-0.19411018 -0.11031618  1.         -1.         -1.          1.        ]]
[[-0.53273    -0.6163836  -0.27573454 -0.64259064  1.          0.45469642]]
[[-0.19820161 -0.11744177  1.         -1.         -1.          1.        ]]
[[-0.537438   -0.6099134  -0.22480163 -0.70423996  1.          0.42988425]]
[[-0.19886921 -0.11174787  1.         -1.         -1.          1.        ]]
[[-0.539687   -0.6091732  -0.21475136 -0.7068145   1.          0.41032273]]
[[-0.1977255  -0.10837769  1.         -1.         -1.          1.        ]]
[[-0.5424017  -0.6088574  -0.21570393 -0.6920902   1.          0.38986242]]
[[-0.19614694 -0.10718048  1.         -1.         -1.          1.        ]]
[[-0.54582757 -0.6077326  -0.21715298 -0.6746241   1.          0.3677333 ]]
[[-0.19452617 -0.10727366  1.         -1.         -1.          1.        ]]
[[-0.5497798  -0.6059897  -0.21724698 -0.6578187   1.          0.34439993]]
[[-0.19294998 -0.10796767  1.         -1.         -1.          1.        ]]
[[-0.5540359  -0.60395986 -0.21617773 -0.6419673   1.          0.32042825]]
[[-0.1914217 -0.1088763  1.        -1.        -0.9603793  1.       ]]
[[-0.54584587 -0.5950702  -0.1851013  -0.63535595  1.          0.31844786]]
[[-0.18810098 -0.1079671   1.         -1.         -0.93969315  1.        ]]
[[-0.54112995 -0.59382397 -0.18439183 -0.6147903   1.          0.31749955]]
[[-0.1856511  -0.1063081   1.         -1.         -0.92300266  1.        ]]
[[-0.5374381  -0.59285706 -0.18180642 -0.6032443   1.          0.31662765]]
[[-0.18404578 -0.10424788  1.         -1.         -0.9085448   1.        ]]
[[-0.5344932  -0.59200644 -0.17724046 -0.5989771   1.          0.31575876]]
[[-0.18311237 -0.10169924  1.         -1.         -0.8960152   0.9998611 ]]
[[-0.5321765  -0.59133226 -0.17152059 -0.5997597   1.          0.3146296 ]]
[[-0.18269408 -0.0987157   1.         -1.         -0.8845679   0.9955611 ]]
[[-0.53023475 -0.59070224 -0.16468492 -0.6039901   1.          0.31323197]]
[[-0.18264064 -0.09538165  1.         -1.         -0.87364465  0.99117625]]
[[-0.5284945  -0.5900605  -0.15700427 -0.6102814   1.          0.31158864]]
[[-0.18289149 -0.09183151  1.         -1.         -0.8629621   0.98663414]]
[[-0.5268692  -0.58935946 -0.14869529 -0.6177758   1.          0.30972922]]
[[-0.18362309 -0.08845373  1.         -1.         -0.85384643  0.9819759 ]]
[[-0.5257687  -0.5889558  -0.1406968  -0.6266236   1.          0.30713093]]
[[-0.18455704 -0.08458731  1.         -1.         -0.84462905  0.9766128 ]]
[[-0.5246429  -0.58849454 -0.13180843 -0.63569236  1.          0.3039455 ]]
[[-0.18546984 -0.08035996  1.         -1.         -0.83420646  0.97051597]]
[[-0.523187   -0.5877977  -0.12213239 -0.6437156   1.          0.30058306]]
[[-0.18636063 -0.0760678   1.         -1.         -0.8230998   0.96398675]]
[[-0.521552   -0.5870099  -0.11239901 -0.6505288   1.          0.29704607]]
[[-0.18725257 -0.07168142  1.         -1.         -0.8113731   0.9570643 ]]
[[-0.5197473  -0.5860983  -0.10243368 -0.65639645  1.          0.29334438]]
[[-0.18816556 -0.06720801  1.         -1.         -0.7990382   0.9497613 ]]
[[-0.5177856  -0.5850487  -0.09216654 -0.66146123  1.          0.2894884 ]]
[[-0.18911584 -0.06264504  1.         -1.         -0.7861449   0.9420925 ]]
[[-0.51568806 -0.58386296 -0.08158287 -0.66581273  1.          0.28546295]]
[[-0.19011879 -0.05798686  1.         -1.         -0.7727273   0.9340556 ]]
[[-0.5134714  -0.5825399  -0.0706553  -0.6695187   1.          0.28124505]]
[[-0.19118673 -0.05322752  1.         -1.         -0.75881416  0.9256413 ]]
[[-0.48086762 -0.5517346  -0.06696974 -0.3522873   1.          0.22865598]]
[[-0.16055253 -0.06046427  1.         -0.8969568  -0.65948284  0.8564136 ]]
[[-0.4448557  -0.54914415 -0.08993006 -0.08523664  1.          0.19799724]]
[[-0.13135037 -0.06496849  1.         -0.6002846  -0.6211739   0.8073274 ]]
[[-0.42125404 -0.57535505 -0.19116214  0.19102576  1.          0.16472481]]
[[-0.11358935 -0.07882693  1.         -0.41877562 -0.6271656   0.7789276 ]]
[[-0.41603732 -0.6048762  -0.29300073  0.37101498  1.          0.13407613]]
[[-0.10762471 -0.08855768  1.         -0.3316485  -0.6550383   0.7610306 ]]
[[-0.42109215 -0.62854254 -0.36399564  0.4657375   1.          0.10334876]]
[[-0.11001506 -0.09514629  1.         -0.30235982 -0.6870593   0.74550366]]
[[-0.4305426  -0.64526844 -0.40527573  0.5038593   1.          0.07452238]]
[[-0.11689679 -0.09882156  1.         -0.3017382  -0.7214211   0.7314669 ]]
[[-0.44174308 -0.65786046 -0.4299902   0.51374197  1.          0.0470123 ]]
[[-0.12557998 -0.1006613   1.         -0.3112805  -0.75454307  0.71763027]]
[[-0.45259464 -0.66748637 -0.44488904  0.5128292   1.          0.02128514]]
[[-0.13440357 -0.10174774  1.         -0.32000646 -0.78473634  0.70378757]]
[[-0.46233392 -0.67567205 -0.45533833  0.50920594  1.         -0.00241341]]
[[-0.14276604 -0.10241827  1.         -0.32406357 -0.81286705  0.69029135]]
[[-0.47091287 -0.6828851  -0.46536574  0.508939    1.         -0.02421703]]
[[-0.15037924 -0.1033865   1.         -0.32171127 -0.8371514   0.67684346]]
[[-0.4779213  -0.68858373 -0.47561547  0.515223    1.         -0.04330264]]
[[-0.15710104 -0.10532036  1.         -0.31271252 -0.85690653  0.66382647]]
[[-0.48344225 -0.6929735  -0.48675606  0.52738214  1.         -0.0591405 ]]
[[-0.16314313 -0.10825361  1.         -0.2992528  -0.8733178   0.65188056]]
[[-0.48791414 -0.6963381  -0.49899492  0.54325914  1.         -0.07189895]]
[[-0.16882256 -0.11203689  1.         -0.2837635  -0.88700324  0.6411361 ]]
[[-0.49159944 -0.6986518  -0.5113776   0.56047666  1.         -0.08179995]]
[[-0.17435989 -0.11644429  1.         -0.26785946 -0.8986109   0.6316246 ]]
[[-0.49467713 -0.6999421  -0.52326953  0.57759166  1.         -0.08914873]]
[[-0.17988482 -0.12131529  1.         -0.25233024 -0.9084097   0.62323785]]
[[-0.49721128 -0.7002158  -0.5342289   0.59391963  1.         -0.09415562]]
[[-0.18545076 -0.12654513  1.         -0.23742017 -0.9165744   0.6158869 ]]
[[-0.49922675 -0.69952434 -0.54414773  0.6092911   1.         -0.09696783]]
[[-0.19055209 -0.1313916   1.         -0.21703212 -0.91924626  0.6100131 ]]
[[-0.4999724  -0.69784117 -0.5534177   0.625558    1.         -0.09596734]]
[[-0.19528267 -0.1365892   1.         -0.19452707 -0.9186671   0.6065953 ]]
[[-0.50003004 -0.69570917 -0.5631578   0.6406945   1.         -0.09129485]]
[[-0.20095679 -0.1432144   1.         -0.1849001  -0.9233899   0.6048087 ]]
[[-0.50092244 -0.69315875 -0.5709225   0.6486492   1.         -0.08640559]]
[[-0.20718439 -0.14913656  1.         -0.17960016 -0.9284281   0.6031978 ]]
[[-0.5014268  -0.68959165 -0.57509744  0.6533166   1.         -0.08067861]]
[[-0.21340376 -0.15489185  1.         -0.1737038  -0.9320065   0.6016883 ]]
[[-0.5012635  -0.685266   -0.578285    0.658538    1.         -0.07348295]]
[[-0.21955034 -0.16096956  0.9984809  -0.16630961 -0.93308157  0.6004343 ]]
[[-0.50031567 -0.6802216  -0.57985735  0.66305614  1.         -0.06430572]]
[[-0.22561297 -0.16726476  0.9635681  -0.15865096 -0.9326492   0.6000247 ]]
[[-0.49733937 -0.67552716 -0.5480318   0.62791395  1.         -0.05641837]]
[[-0.23071131 -0.17023027  0.9391242  -0.15810102 -0.9414474   0.601558  ]]
[[-0.49501884 -0.672042   -0.52075195  0.5975745   1.         -0.05091316]]
[[-0.23592374 -0.17377844  0.9130285  -0.15267713 -0.9424622   0.60016483]]
[[-0.4913146  -0.66691065 -0.4899312   0.56909895  1.         -0.04340906]]
[[-0.25362936 -0.19096859  0.8928577  -0.3022982  -0.9730933   0.6254407 ]]
[[-0.5282892  -0.69730276 -0.4230474   0.04865238  0.8967976   0.0421803 ]]
[[-0.27744555 -0.14559549  1.         -0.7737305  -1.          0.74038386]]
[[-0.5085921  -0.66914946 -0.24424085 -0.30142373  0.5307763   0.17374459]]
[[-0.32498592 -0.19840752  0.9527298  -0.9094745  -1.          0.69714636]]
[[-0.5358036  -0.6251301  -0.19819254 -0.40655205  0.55666345  0.18662368]]
[[-0.31717104 -0.17428765  1.         -0.9594139  -1.          0.736279  ]]
[[-0.53136206 -0.6205528  -0.20363611 -0.40459144  0.536046    0.21245347]]
[[-0.31670034 -0.18255544  0.99080884 -0.9401796  -1.          0.7435583 ]]
[[-0.5390261  -0.61389405 -0.23550695 -0.3680681   0.60953057  0.21523108]]
[[-0.30235845 -0.1707704   1.         -0.9363898  -1.          0.78036517]]
[[-0.5341631  -0.6148863  -0.24573958 -0.35069412  0.63344437  0.23335938]]
[[-0.29507387 -0.17294507  1.         -0.9287548  -1.          0.802511  ]]
[[-0.53541803 -0.6122337  -0.26528767 -0.32944217  0.6798504   0.24603407]]
[[-0.28487003 -0.16907862  1.         -0.9341961  -1.          0.8329011 ]]
[[-0.5323732  -0.6113153  -0.26739153 -0.3295402   0.701395    0.26407716]]
[[-0.27835286 -0.1699459   1.         -0.9405035  -1.          0.8556877 ]]
[[-0.532184   -0.60895866 -0.2747364  -0.32717878  0.7299985   0.2788604 ]]
[[-0.27113962 -0.16842832  1.         -0.951136   -1.          0.8799902 ]]
[[-0.53051937 -0.60741186 -0.27566656 -0.33268923  0.7484868   0.29450274]]
[[-0.2655244  -0.16845128  1.         -0.9611747  -1.          0.90023696]]
[[-0.53006    -0.6056297  -0.2789642  -0.3367634   0.7697124   0.30776638]]
[[-0.25971162 -0.16734245  1.         -0.97235227 -1.          0.9202075 ]]
[[-0.5289868  -0.6043733  -0.27954036 -0.34387422  0.78643125  0.32058576]]
[[-0.25465852 -0.16672286  1.         -0.9827666  -1.          0.9377363 ]]
[[-0.5284573  -0.6032419  -0.28115356 -0.35031015  0.80415493  0.33169004]]
[[-0.24957043 -0.16542594  1.         -0.993119   -1.          0.9545078 ]]
[[-0.52765465 -0.6025212  -0.28145158 -0.3581392   0.8196897   0.3420081 ]]
[[-0.24482484 -0.16411686  1.         -1.         -1.          0.9696037 ]]
[[-0.5271784  -0.6021793  -0.28274223 -0.36520988  0.8363304   0.3508277 ]]
[[-0.2400357  -0.16227332  1.         -1.         -1.          0.98416126]]
[[-0.5267105  -0.6025705  -0.2840418  -0.37367988  0.85212165  0.35888344]]
[[-0.23563258 -0.16031426  1.         -1.         -1.          0.9979939 ]]
[[-0.52626175 -0.60309225 -0.28427085 -0.38436055  0.86590326  0.36661917]]
[[-0.2317274  -0.15828967  1.         -1.         -1.          1.        ]]
[[-0.52597785 -0.60369015 -0.28407755 -0.39620036  0.8787647   0.37373346]]
[[-0.22813143 -0.15602997  1.         -1.         -1.          1.        ]]
[[-0.5257131  -0.6043981  -0.28323275 -0.4090228   0.89050865  0.38028187]]
[[-0.22482029 -0.15362024  1.         -1.         -1.          1.        ]]
[[-0.5255224  -0.605202   -0.28211495 -0.4221708   0.9018129   0.38611966]]
[[-0.2216858  -0.15100247  1.         -1.         -1.          1.        ]]
[[-0.5253201  -0.60611004 -0.28054398 -0.43568915  0.9124814   0.39134496]]
[[-0.21877551 -0.14828417  1.         -1.         -1.          1.        ]]
[[-0.52515423 -0.6070773  -0.27867064 -0.44943058  0.9227251   0.3959617 ]]
[[-0.21602288 -0.14538917  1.         -1.         -1.          1.        ]]
[[-0.524987   -0.60811013 -0.2764813  -0.4632556   0.9326503   0.39998472]]
[[-0.21339993 -0.14234468  1.         -1.         -1.          1.        ]]
[[-0.5248166  -0.60920066 -0.2740138  -0.47708374  0.9423719   0.4034307 ]]
[[-0.21088497 -0.1391519   1.         -1.         -1.          1.        ]]
[[-0.52463275 -0.6103414  -0.27124962 -0.49092308  0.95191044  0.4063356 ]]
[[-0.20847306 -0.13582113  1.         -1.         -1.          1.        ]]
[[-0.52443963 -0.6115216  -0.26820245 -0.5047654   0.9613279   0.4087199 ]]
[[-0.20615458 -0.13235179  1.         -1.         -1.          1.        ]]
[[-0.5242326  -0.6127323  -0.26485372 -0.51863384  0.97063756  0.41061187]]
[[-0.20392813 -0.12874931  1.         -1.         -1.          1.        ]]
[[-0.5240152  -0.6139639  -0.26121017 -0.5325265   0.979888    0.41202575]]
[[-0.2017873  -0.12501311  1.         -1.         -1.          1.        ]]
[[-0.5237847  -0.61520785 -0.2572559  -0.5464581   0.98909646  0.41297996]]
[[-0.19973025 -0.12114728  1.         -1.         -1.          1.        ]]
[[-0.52354395 -0.6164548  -0.25299355 -0.560423    0.9983051   0.4134826 ]]
[[-0.19775209 -0.11715048  1.         -1.         -1.          1.        ]]
[[-0.5232904  -0.6176975  -0.24840921 -0.57442683  1.          0.41354364]]
[[-0.1971148  -0.11461356  1.         -1.         -1.          1.        ]]
[[-0.52477014 -0.61836743 -0.24696156 -0.5850646   1.          0.41038477]]
[[-0.19706813 -0.11260835  1.         -1.         -1.          1.        ]]
[[-1.         -1.          1.         -1.          1.         -0.74711066]]
[[-1.        -1.         1.        -1.         1.        -0.8371364]]
[[-1.        -1.         1.        -1.         1.        -0.9008657]]
[[-1.        -1.         1.        -1.         1.        -0.9427688]]
[[-1.        -1.         1.        -1.         1.        -0.9600277]]
[[-1.         -1.          1.         -1.          1.         -0.97759545]]
[[-1. -1.  1. -1.  1. -1.]]
[[-1. -1.  1. -1.  1. -1.]]
[[-1.         -1.          0.92455435 -1.          1.         -1.        ]]
[[-1.        -1.         0.7925029 -1.         1.        -1.       ]]
[[-1.        -1.         0.6430511 -1.         1.        -1.       ]]
[[-1.         -1.          0.44145116 -1.          1.         -1.        ]]
[[-1.         -1.          0.20109251 -1.          1.         -1.        ]]
[[-1.         -1.         -0.00915995 -1.          1.         -1.        ]]
[[-1.         -1.         -0.16026506 -1.          1.         -1.        ]]
[[-1.         -1.         -0.26261762 -1.          1.         -1.        ]]
[[-1.         -1.         -0.33110705 -1.          1.         -1.        ]]
[[-1.        -1.        -0.3752556 -1.         1.        -1.       ]]
[[-1.         -1.         -0.39941594 -1.          1.         -1.        ]]
[[-1.         -1.         -0.40147552 -1.          1.         -1.        ]]
[[-1.         -0.8176277  -0.36571255 -1.          1.         -1.        ]]
[[-1.          0.05906557 -0.21170339 -1.          1.         -1.        ]]
[[-1.          0.35547596  0.16114265 -1.          1.         -1.        ]]
[[-1.          0.3663737   0.7205806  -1.         -0.81653863 -0.97689295]]
[[-0.3593965  -0.14744571  1.         -1.         -1.         -0.5883135 ]]
[[-0.26593596 -0.47252953  0.73947144 -1.         -1.         -0.54235643]]
[[-0.28079182 -0.5643393   0.5454998  -1.         -1.         -0.5002576 ]]
[[-0.30675697 -0.57848865  0.53310716 -1.         -1.         -0.44640714]]
[[-0.34172904 -0.56899273  0.5434879  -1.         -1.         -0.39256555]]
[[-0.37785834 -0.5515931   0.5615539  -1.         -1.         -0.33756304]]
[[-0.41434973 -0.5335297   0.579538   -1.         -1.         -0.27506292]]
[[-0.44911706 -0.51078784  0.5979105  -1.         -1.         -0.21760239]]
[[-0.47178876 -0.4682694   0.6174786  -1.         -1.         -0.23486806]]
[[-0.48948252 -0.44489723  0.6249779  -1.         -1.         -0.24353667]]
[[-0.509831   -0.4267136   0.62333244 -1.         -1.         -0.26107055]]
[[-0.5305927  -0.40892795  0.6246815  -1.         -1.         -0.28364044]]
[[-0.55090415 -0.39097524  0.62640166 -1.         -1.         -0.30989963]]
[[-0.5698507  -0.3736022   0.62730026 -1.         -1.         -0.33916783]]
[[-0.5869535  -0.35725862  0.62647915 -1.         -1.         -0.37117553]]
[[-0.6018922  -0.34218028  0.62344694 -1.         -1.         -0.40582424]]
[[-0.6144336  -0.32848158  0.6178329  -1.         -0.9305867  -0.443066  ]]
[[-0.6108473  -0.30059102  0.6212009  -1.         -0.85904706 -0.45643485]]
[[-0.5955039  -0.2813722   0.60738105 -1.         -0.8097349  -0.4578132 ]]
[[-0.57847255 -0.2759449   0.5783693  -1.         -0.7392368  -0.46154076]]
[[-0.55716616 -0.2704025   0.553746   -1.         -0.6767715  -0.45717233]]
[[-0.5347292  -0.269078    0.52531165 -0.84182715 -0.6073461  -0.4499619 ]]
[[-0.51714385 -0.27585173  0.47451925 -0.58323073 -0.5141526  -0.44357717]]
[[-0.5001683  -0.28564593  0.42483065 -0.37073293 -0.43399465 -0.4265399 ]]
[[-0.4835084  -0.29580423  0.38774002 -0.20936814 -0.37241694 -0.3989063 ]]
[[-0.46867758 -0.30516064  0.3597907  -0.08943632 -0.3217692  -0.36429417]]
[[-0.45541662 -0.3131037   0.33994418 -0.00310785 -0.2815381  -0.32388073]]
[[-0.44386274 -0.32007667  0.3252536   0.05700737 -0.24760799 -0.2795226 ]]
[[-0.43359542 -0.32607883  0.3146884   0.09668639 -0.21895753 -0.23174776]]
[[-0.42448336 -0.33148366  0.30691758  0.11980996 -0.19419079 -0.18151088]]
[[-0.4163388  -0.3363891   0.30122316  0.12958801 -0.17242248 -0.12930296]]
[[-0.40897983 -0.34089422  0.29703864  0.12869275 -0.1529408  -0.07552573]]
[[-0.40224814 -0.34509295  0.29393187  0.11926258 -0.13519995 -0.02051631]]
[[-0.39601314 -0.34906012  0.29158035  0.10300606 -0.1187774   0.0354383 ]]
[[-0.3901683  -0.35285214  0.28974953  0.0812932  -0.10335428  0.09209071]]
[[-0.3846279  -0.3565108   0.2882697   0.05522963 -0.08868975  0.14922252]]
[[-0.37932408 -0.36006594  0.28702125  0.02571023 -0.0746047   0.20663764]]
[[-0.3749377  -0.36474213  0.28792816 -0.0162912  -0.06776073  0.2630952 ]]
[[-0.37317467 -0.37081966  0.2933522  -0.07988736 -0.07508975  0.31524524]]
[[-0.37359336 -0.37418383  0.30053538 -0.14306083 -0.08461327  0.3616385 ]]
[[-0.37430823 -0.3761795   0.3081867  -0.19909173 -0.09476442  0.40357506]]
[[-0.37492526 -0.37796468  0.31395993 -0.24516909 -0.10185698  0.44121158]]
[[-0.37505466 -0.37985206  0.31815165 -0.2823251  -0.10635755  0.4757052 ]]
[[-0.3747511  -0.38205585  0.3205704  -0.311966   -0.10797162  0.5076396 ]]
[[-0.37403327 -0.38454962  0.3217231  -0.3360624  -0.10751748  0.5377316 ]]
[[-0.37301922 -0.38729858  0.32186195 -0.35618088 -0.10541897  0.56639004]]
[[-0.3717876  -0.39022067  0.3213509  -0.37365523 -0.10227478  0.59396493]]
[[-0.37069368 -0.3933416   0.3200758  -0.3905053  -0.09802251  0.6199558 ]]
[[-0.3713537  -0.39679033  0.31725374 -0.4150083  -0.0920862   0.64034605]]
[[-0.37155375 -0.397793    0.32139683 -0.44595283 -0.09761461  0.65981543]]
[[-0.372661   -0.39821607  0.32449186 -0.47456324 -0.10199565  0.67481226]]
[[-0.37364432 -0.3978215   0.32888725 -0.5007448  -0.10854446  0.6873579 ]]
[[-0.37475863 -0.3972795   0.33222812 -0.52221966 -0.11347889  0.69694066]]
[[-0.3756662  -0.39660424  0.33520493 -0.53952765 -0.11777722  0.7045522 ]]
[[-0.37643903 -0.396014    0.33726227 -0.5527375  -0.12056004  0.71039796]]
[[-0.37700236 -0.39550596  0.33873516 -0.56267995 -0.12234116  0.7150344 ]]
[[-0.37740558 -0.3951248   0.33959216 -0.569948   -0.12308814  0.71872115]]
[[-0.37765568 -0.39484715  0.34003764 -0.5752315  -0.1231343   0.7217607 ]]
[[-0.37779212 -0.39466518  0.3401444  -0.57903737 -0.12261111  0.7243237 ]]
[[-0.37783682 -0.3945548   0.34003264 -0.5818058  -0.12171984  0.7265615 ]]
[[-0.3778173  -0.39450055  0.33976516 -0.5838511  -0.12057061  0.72856367]]
[[-0.3777513  -0.39448413  0.33940694 -0.5854133  -0.11927288  0.73040015]]
[[-0.37765467 -0.39449492  0.33899388 -0.58665633 -0.11788934  0.7321118 ]]
[[-0.37753838 -0.39452174  0.3385573  -0.58769584 -0.11647255  0.73372847]]
[[-0.37741065 -0.39455843  0.33811444 -0.5886078  -0.11505216  0.7352675 ]]
[[-0.37727702 -0.39459926  0.33767816 -0.5894419  -0.1136496   0.73674107]]
[[-0.37714118 -0.39464134  0.33725554 -0.5902295  -0.11227657  0.7381564 ]]
[[-0.3770057  -0.39468175  0.33685106 -0.5909897  -0.1109399   0.7395186 ]]
[[-0.37687176 -0.3947198   0.33646667 -0.5917338  -0.10964281  0.74083126]]
[[-0.3767407  -0.39475375  0.3361031  -0.5924678  -0.10838527  0.74209726]]
[[-0.37661242 -0.39478388  0.33576053 -0.59319556 -0.10716785  0.743319  ]]
[[-0.37648755 -0.3948095   0.3354382  -0.59391844 -0.10598791  0.74449825]]
[[-0.37636557 -0.39483103  0.3351357  -0.5946375  -0.10484529  0.7456376 ]]
[[-0.37624717 -0.39484784  0.33485186 -0.5953535  -0.10373586  0.7467383 ]]
[[-0.37613142 -0.39486045  0.33458668 -0.5960666  -0.10266044  0.74780333]]
[[-0.37601888 -0.3948688   0.33433822 -0.5967763  -0.10161427  0.7488335 ]]
[[-0.3759088  -0.3948729   0.33410674 -0.5974838  -0.10059819  0.7498315 ]]
[[-0.37580144 -0.39487338  0.33389044 -0.598189   -0.09960826  0.7507986 ]]
[[-0.3756964  -0.3948698   0.3336898  -0.5988927  -0.09864447  0.751737  ]]
[[-0.37559366 -0.39486256  0.33350313 -0.5995946  -0.09770439  0.75264806]]
[[-0.37549317 -0.39485174  0.33333054 -0.600296   -0.09678677  0.7535335 ]]
[[-0.37539452 -0.39483726  0.33317137 -0.60099673 -0.09589089  0.75439525]]
[[-0.37529796 -0.39481932  0.33302465 -0.6016971  -0.09501415  0.7552341 ]]
[[-0.37520292 -0.39479822  0.33289042 -0.602398   -0.09415698  0.75605226]]
[[-0.37510967 -0.39477387  0.33276775 -0.6030996  -0.09331657  0.75685024]]
[[-0.375018   -0.39474633  0.33265653 -0.6038023  -0.09249324  0.75763   ]]
[[-0.3749277  -0.3947156   0.33255637 -0.6045066  -0.09168524  0.7583926 ]]
[[-0.37483865 -0.394682    0.33246648 -0.60521257 -0.09089148  0.75913876]]
[[-0.3747509  -0.39464566  0.3323868  -0.6059208  -0.09011143  0.75986993]]
[[-0.37466443 -0.39460605  0.33231696 -0.60663164 -0.08934386  0.76058716]]
[[-0.37457877 -0.39456382  0.3322569  -0.60734546 -0.0885887   0.7612914 ]]
[[-0.3744942  -0.39451903  0.33220556 -0.608062   -0.08784379  0.7619832 ]]
[[-0.3744104  -0.39447144  0.33216348 -0.6087821  -0.08710971  0.76266396]]
[[-0.37432748 -0.39442113  0.33212975 -0.6095054  -0.08638471  0.76333416]]
[[-0.37424517 -0.39436826  0.33210453 -0.6102327  -0.08566891  0.7639948 ]]
[[-0.37416363 -0.39431295  0.33208728 -0.6109643  -0.0849608   0.7646463 ]]
[[-0.37408245 -0.39425498  0.33207834 -0.6116999  -0.0842611   0.7652898 ]]
[[-0.37400186 -0.39419484  0.33207637 -0.6124396  -0.08356734  0.7659253 ]]
[[-0.3739217  -0.39413202  0.33208257 -0.61318433 -0.08288056  0.7665541 ]]
[[-0.37384176 -0.39406684  0.3320958  -0.61393356 -0.08219974  0.7671765 ]]
[[-0.37376213 -0.39399952  0.33211613 -0.6146877  -0.08152386  0.7677929 ]]
[[-0.37368292 -0.3939294   0.33214355 -0.6154469  -0.08085282  0.768404  ]]
[[-0.37360346 -0.39385748  0.33217788 -0.6162114  -0.0801869   0.7690106 ]]
[[-0.37352455 -0.39378297  0.33221844 -0.616981   -0.07952346  0.7696124 ]]
[[-0.37344533 -0.39370608  0.33226645 -0.61775696 -0.07886523  0.7702108 ]]
[[-0.3733663  -0.39362723  0.33232003 -0.6185378  -0.07820871  0.77080524]]
[[-0.373287   -0.39354593  0.33238077 -0.6193248  -0.07755598  0.771397  ]]
[[-0.37320793 -0.3934623   0.3324471  -0.6201174  -0.07690432  0.7719858 ]]
[[-0.37312824 -0.39337647  0.33252054 -0.6209165  -0.07625622  0.7725728 ]]
[[-0.37304872 -0.39328864  0.33259887 -0.62172127 -0.07560801  0.7731572 ]]
[[-0.37296867 -0.39319822  0.3326846  -0.62253296 -0.07496288  0.77374053]]
[[-0.37288857 -0.39310578  0.33277515 -0.62335026 -0.07431724  0.77432215]]
[[-0.37280792 -0.3930111   0.3328725  -0.6241751  -0.07367327  0.774903  ]]
[[-0.37272698 -0.392914    0.33297548 -0.62500584 -0.07302931  0.7754831 ]]
[[-0.37264562 -0.39281487  0.3330842  -0.62584364 -0.07238538  0.77606255]]
[[-0.37256375 -0.39271325  0.33319908 -0.6266883  -0.07174184  0.7766421 ]]
[[-0.3724814 -0.3926097  0.3333193 -0.6275399 -0.0710972  0.7772213]]
[[-0.3723986  -0.3925035   0.33344594 -0.62839913 -0.07045247  0.777801  ]]
[[-0.37231514 -0.39239508  0.3335781  -0.62926495 -0.06980693  0.7783812 ]]
[[-0.37223107 -0.39228454  0.33371586 -0.63013816 -0.06915969  0.778962  ]]
[[-0.37214643 -0.39217147  0.33385974 -0.63101894 -0.06851154  0.77954376]]
[[-0.37206098 -0.39205638  0.33400914 -0.63190734 -0.06786191  0.7801265 ]]
[[-0.3719751  -0.39193848  0.3341645  -0.6328033  -0.06721003  0.7807105 ]]
[[-0.37188816 -0.3918183   0.33432606 -0.63370717 -0.06655712  0.78129625]]
[[-0.37180084 -0.39169598  0.33449253 -0.63461864 -0.06590045  0.78188294]]
[[-0.3717123  -0.39157093  0.33466625 -0.6355386  -0.06524374  0.78247213]]
[[-0.37162343 -0.39144367  0.33484414 -0.6364658  -0.06458172  0.78306234]]
[[-0.37153316 -0.39131367  0.33503    -0.6374022  -0.06392009  0.7836555 ]]
[[-0.37144268 -0.39118135  0.33521968 -0.63834554 -0.06325202  0.7842498 ]]
[[-0.37135065 -0.3910461   0.33541775 -0.6392988  -0.06258462  0.7848474 ]]
[[-0.37125832 -0.3909089   0.3356194  -0.6402591  -0.0619101   0.78544617]]
[[-0.37116444 -0.39076865  0.33582962 -0.6412293  -0.06123603  0.78604865]]
[[-0.3710702  -0.39062586  0.33604375 -0.64220667 -0.0605547   0.78665257]]
[[-0.37097442 -0.39048022  0.33626625 -0.6431944  -0.0598729   0.7872601 ]]
[[-0.3708781  -0.39033225  0.33649307 -0.6441896  -0.05918422  0.7878694 ]]
[[-0.3707803  -0.39018103  0.33672822 -0.64519477 -0.05849417  0.7884826 ]]
[[-0.370682   -0.3900274   0.33696783 -0.64620817 -0.057797    0.7890976 ]]
[[-0.37058204 -0.38987058  0.33721623 -0.6472318  -0.05709876  0.7897166 ]]
[[-0.37048155 -0.3897113   0.33746874 -0.6482632  -0.05639241  0.79033756]]
[[-0.3703794  -0.38954848  0.3377304  -0.64930534 -0.05568502  0.7909627 ]]
[[-0.37027666 -0.3893834   0.33799627 -0.65035534 -0.05496878  0.79158986]]
[[-0.37017214 -0.38921478  0.3382718  -0.65141684 -0.0542517   0.7922212 ]]
[[-0.37006724 -0.38904336  0.33855134 -0.65248567 -0.05352521  0.79285455]]
[[-0.36996037 -0.38886836  0.33884105 -0.65356624 -0.05279772  0.7934926 ]]
[[-0.36985296 -0.38869098  0.3391347  -0.6546546  -0.05206036  0.79413235]]
[[-0.36974376 -0.38850942  0.3394388  -0.65575516 -0.05132175  0.7947769 ]]
[[-0.36963397 -0.38832542  0.33974713 -0.6568635  -0.05057311  0.79542345]]
[[-0.3695221  -0.38813716  0.34006613 -0.65798247 -0.04982263  0.7960745 ]]
[[-0.36940956 -0.38794643  0.34038886 -0.6591083  -0.04906075  0.79672694]]
[[-0.36929482 -0.38775143  0.3407231  -0.6602458  -0.04829808  0.7973844 ]]
[[-0.3691798  -0.3875539   0.34106094 -0.6613912  -0.04752287  0.798043  ]]
[[-0.36906233 -0.3873517   0.34141135 -0.6625491  -0.04674792  0.7987069 ]]
[[-0.3689448  -0.38714707  0.34176457 -0.6637144  -0.04595859  0.7993716 ]]
[[-0.36882442 -0.38693726  0.3421321  -0.6648934  -0.04517137  0.8000423 ]]
[[-0.36870444 -0.38672578  0.34250057 -0.6660795  -0.0443668   0.8007126 ]]
[[-0.3685813  -0.38650784  0.3428863  -0.66728044 -0.04356708  0.8013898 ]]
[[-0.36845893 -0.38628855  0.34327093 -0.66848695 -0.04274645  0.80206585]]
[[-0.36833262 -0.38606265  0.34367535 -0.6697097  -0.04193406  0.8027497 ]]
[[-0.36820775 -0.38583583  0.34407562 -0.6709361  -0.0410959   0.8034308 ]]
[[-0.3680784  -0.38560122  0.34449983 -0.6721815  -0.04027031  0.8041209 ]]
[[-0.36795127 -0.38536626  0.34491682 -0.6734288  -0.03941368  0.80480677]]
[[-0.36781853 -0.38512266  0.3453619  -0.6746968  -0.03857548  0.8055035 ]]
[[-0.367689   -0.38488     0.3457945  -0.67596364 -0.0376986   0.8061932 ]]
[[-0.36755282 -0.38462675  0.34626213 -0.6772554  -0.03684743  0.8068961 ]]
[[-0.36742133 -0.3843758   0.34671092 -0.6785421  -0.03594843  0.8075892 ]]
[[-0.36728126 -0.38411224  0.3472028  -0.6798576  -0.03508619  0.8082987 ]]
[[-0.36714792 -0.3838534   0.34766603 -0.6811628  -0.03416161  0.8089937 ]]
[[-0.36700356 -0.38357875  0.34818512 -0.6825037  -0.03328983  0.80970997]]
[[-0.36686915 -0.3833121   0.34866148 -0.683827   -0.03233547  0.81040514]]
[[-0.36671978 -0.38302502  0.3492121  -0.685195   -0.03145873  0.81112933]]
[[-0.3665849  -0.38275144  0.3496975  -0.68653286 -0.03046812  0.81182253]]
[[-0.36642942 -0.38245058  0.35028517 -0.68793076 -0.02959176  0.8125558 ]]
[[-0.36629558 -0.38217074  0.35077462 -0.6892804  -0.02855577  0.8132436 ]]
[[-0.36613232 -0.3818537   0.351408   -0.690712   -0.02768992  0.8139887 ]]
[[-0.3660015  -0.38156998  0.35189217 -0.69206786 -0.02659415  0.81466615]]
[[-0.3658278  -0.38123322  0.35258502 -0.6935402  -0.02575506  0.81542736]]
[[-0.36570358 -0.380949    0.35304844 -0.69489396 -0.02457652  0.8160869 ]]
[[-0.365515   -0.38058674  0.35382286 -0.69641733 -0.0237921   0.81687236]]
[[-0.36540294 -0.3803086   0.35423875 -0.6977536  -0.0224933   0.81750166]]
[[-0.36519226 -0.3799117   0.3551306  -0.6993468  -0.02180954  0.81832474]]
[[-0.3651017  -0.3796503   0.3554546  -0.7006414  -0.02032859  0.8189039 ]]
[[-0.36485702 -0.37920368  0.35652393 -0.702335   -0.01982305  0.81978774]]
[[-0.36480367 -0.37897748  0.35668066 -0.70354784 -0.01805762  0.8202845 ]]
[[-0.3645043  -0.37845623  0.35802788 -0.7053935  -0.01786269  0.82126886]]
[[-0.36451524 -0.37829682  0.35788682 -0.70645446 -0.01563604  0.82162786]]
[[-0.3641258  -0.37765744  0.3596868  -0.7085431  -0.01598133  0.82278234]]
[[-0.3642481  -0.37762126  0.3590196  -0.70933175 -0.01298818  0.82290864]]
[[-0.3637061  -0.37678763  0.3615777  -0.711821   -0.01427694  0.8243561 ]]
[[-0.36402285 -0.37697554  0.3599785  -0.7121248  -0.00997696  0.82408273]]
[[-0.36318427 -0.3757749   0.36383855 -0.71489286 -0.01290899  0.825948  ]]
[[-0.36387432 -0.37645033  0.36047345 -0.7145601  -0.00624557  0.8249922 ]]
[[-0.36247516 -0.37453148  0.36679557 -0.7177274  -0.0123099   0.8276231 ]]
[[-0.3638366  -0.37611914  0.3600013  -0.7156135  -0.00112507  0.825233  ]]
[[-0.3614308  -0.3729646   0.37091705 -0.7201904  -0.01315442  0.8294379 ]]
[[-0.36410844 -0.3762673   0.3577591  -0.7153646   0.00634824  0.8245325 ]]
[[-0.35985798 -0.37075898  0.37741613 -0.72311294 -0.01703432  0.8318628 ]]
[[-0.36507195 -0.37732226  0.35218218 -0.71353877  0.01817415  0.82234097]]
[[-0.35732386 -0.3672794   0.3886178  -0.72764635 -0.0269491   0.83578014]]
[[-0.36742872 -0.38014793  0.34008533 -0.70913637  0.03844566  0.8175164 ]]
[[-0.3529176  -0.36126927  0.40910733 -0.7356888  -0.04877318  0.8428898 ]]
[[-0.37255102 -0.38650256  0.31501126 -0.6998184   0.07545277  0.8077101 ]]
[[-0.34487236 -0.35028908  0.4480961  -0.75170374 -0.09431963  0.8567388 ]]
[[-0.3832754  -0.39990753  0.2641015  -0.68151647  0.14571641  0.78837574]]
[[-0.330746   -0.33049357  0.524179   -0.7964145  -0.18806632  0.8869736 ]]
[[-0.40457565 -0.4249347   0.16441981 -0.6387191   0.28049654  0.7497082 ]]
[[-0.30390823 -0.29302496  0.66805226 -0.8735049  -0.36911783  0.9427365 ]]
[[-0.44500047 -0.47284544 -0.02725314 -0.54311967  0.53611094  0.6731487 ]]
[[-0.25694755 -0.22652185  0.9255947  -1.         -0.6991059   1.        ]]
[[-0.5171536  -0.5581955  -0.3481948  -0.39904088  0.9555587   0.5419652 ]]
[[-0.19595233 -0.12736055  1.         -1.         -1.          1.        ]]
[[-0.53805715 -0.61892074 -0.33137313 -0.5762043   1.          0.45775443]]
[[-0.19893551 -0.12234903  1.         -1.         -1.          1.        ]]
[[-0.5350891  -0.6064338  -0.22563097 -0.6880631   1.          0.43927294]]
[[-0.19829693 -0.11774931  1.         -1.         -1.          1.        ]]
[[-0.5363183  -0.6078002  -0.22032905 -0.6897536   1.          0.42403787]]
[[-0.19718623 -0.11333353  1.         -1.         -1.          1.        ]]
[[-0.53837836 -0.6084391  -0.22261399 -0.6773809   1.          0.4069752 ]]
[[-0.19580717 -0.11138695  1.         -1.         -1.          1.        ]]
[[-0.5413081  -0.60791856 -0.22432616 -0.6632997   1.          0.38775074]]
[[-0.19444475 -0.11087672  1.         -1.         -1.          1.        ]]
[[-0.5448394  -0.6065933  -0.22428793 -0.6500896   1.          0.36699164]]
[[-0.19312793 -0.11106541  1.         -1.         -1.          1.        ]]
[[-0.54872435 -0.6048644  -0.22297806 -0.63769484  1.          0.3452958 ]]
[[-0.19183451 -0.11155156  1.         -1.         -1.          1.        ]]
[[-0.552799   -0.6029887  -0.22097728 -0.62562597  1.          0.323089  ]]
[[-0.1905465  -0.11213859  1.         -1.         -0.96544975  1.        ]]
[[-0.54599774 -0.59527004 -0.19332302 -0.62092805  1.          0.32004017]]
[[-0.1876212  -0.11114254  1.         -1.         -0.94495815  1.        ]]
[[-0.54142725 -0.5937799  -0.19044653 -0.6041889   1.          0.31920522]]
[[-0.18534645 -0.10938982  1.         -1.         -0.9295617   1.        ]]
[[-0.53812826 -0.5930657  -0.18823555 -0.5941245   1.          0.31815672]]
[[-0.18386619 -0.10727041  1.         -1.         -0.91578907  1.        ]]
[[-0.53539664 -0.59230137 -0.1835694  -0.5910489   1.          0.31721336]]
[[-0.1829828  -0.10471199  1.         -1.         -0.90383905  1.        ]]
[[-0.5332484  -0.59172624 -0.17799622 -0.5924669   1.          0.3160326 ]]
[[-0.18256831 -0.10175519  1.         -1.         -0.8928402   0.9991954 ]]
[[-0.53142905 -0.5911779  -0.17135313 -0.59706     1.          0.31462377]]
[[-0.18256736 -0.09856669  1.         -1.         -0.8825148   0.9950745 ]]
[[-0.5298543  -0.59061307 -0.16399935 -0.60370076  1.          0.3129835 ]]
[[-0.18320885 -0.0956495   1.         -1.         -0.8747802   0.9909646 ]]
[[-0.52912354 -0.59057146 -0.157228   -0.61274207  1.          0.31033048]]
[[-0.18391371 -0.09175507  1.         -1.         -0.86578226  0.9859093 ]]
[[-0.5279886  -0.59016156 -0.14855203 -0.621786    1.          0.30737525]]
[[-0.18461823 -0.08781869  1.         -1.         -0.8560337   0.98035645]]
[[-0.5266773  -0.5896709  -0.13977313 -0.62978923  1.          0.30426666]]
[[-0.18532155 -0.08376423  1.         -1.         -0.84575313  0.97444403]]
[[-0.5252113  -0.58909374 -0.13086334 -0.63687736  1.          0.30099827]]
[[-0.18603581 -0.07961919  1.         -1.         -0.8348564   0.96816653]]
[[-0.52357507 -0.58838665 -0.12166071 -0.6432104   1.          0.29762036]]
[[-0.18677208 -0.07539024  1.         -1.         -0.8233916   0.9615576 ]]
[[-0.52178866 -0.5875554  -0.11217773 -0.6488632   1.          0.29413486]]
[[-0.18754527 -0.0710751   1.         -1.         -0.8113944   0.9546264 ]]
[[-0.51986766 -0.586599   -0.10238343 -0.6539281   1.          0.29052955]]
[[-0.18836991 -0.06666807  1.         -1.         -0.79889464  0.94737047]]
[[-0.5178277  -0.58551645 -0.09225321 -0.6584703   1.          0.28678292]]
[[-0.18925838 -0.06216285  1.         -1.         -0.78591585  0.93977976]]
[[-0.5156814  -0.5843062  -0.08176637 -0.6625254   1.          0.28286844]]
[[-0.1902205  -0.05755302  1.         -1.         -0.7724742   0.93183875]]
[[-0.51343924 -0.58296645 -0.07090874 -0.6661006   1.          0.27875653]]
[[-0.1912633 -0.0528338  1.        -1.        -0.7585791  0.9235283]]
[[-0.48074108 -0.5520846  -0.06726217 -0.34808993  1.          0.22618778]]
[[-0.16051564 -0.06016717  1.         -0.8939544  -0.6591893   0.8542677 ]]
[[-0.44468784 -0.54969734 -0.0907205  -0.08091483  1.          0.19579247]]
[[-0.13125701 -0.06471194  1.         -0.59706247 -0.6214804   0.8054534 ]]
[[-0.4211464  -0.5760738  -0.19254413  0.1956661   1.          0.16254418]]
[[-0.11348417 -0.07865234  1.         -0.41560596 -0.6277383   0.77717817]]
[[-0.41598475 -0.60566485 -0.29459384  0.3754848   1.          0.13197511]]
[[-0.10753626 -0.08842798  1.         -0.32859588 -0.6557846   0.75939023]]
[[-0.42113155 -0.6293945  -0.3657066   0.46962485  1.          0.10137257]]
[[-0.10995347 -0.09499874  1.         -0.2994236  -0.68790066  0.7439529 ]]
[[-0.43061143 -0.6460903  -0.4069639   0.50760114  1.          0.07259824]]
[[-0.11687195 -0.09874516  1.         -0.298957   -0.7221995   0.7299516 ]]
[[-0.44182688 -0.6586179  -0.43161783  0.5173286   1.          0.04519692]]
[[-0.1255907  -0.10063494  1.         -0.30866247 -0.75533164  0.71619135]]
[[-0.4527046  -0.6681953  -0.44651088  0.51626635  1.          0.01956783]]
[[-0.13445044 -0.10176662  1.         -0.31756458 -0.7854976   0.7024145 ]]
[[-0.46247315 -0.67636234 -0.45685717  0.5122299   1.         -0.00404625]]
[[-0.14286321 -0.10243049  1.         -0.32187146 -0.81375474  0.68900067]]
[[-0.47108883 -0.68352765 -0.46685895  0.51179075  1.         -0.02580572]]
[[-0.1505099  -0.10343055  1.         -0.31962717 -0.8379232   0.6755661 ]]
[[-0.47808135 -0.6891293  -0.4769586   0.5179442   1.         -0.04477696]]
[[-0.15725026 -0.10539989  1.         -0.3106766  -0.85762626  0.66260713]]
[[-0.48359483 -0.69345313 -0.48806527  0.5300436   1.         -0.06050169]]
[[-0.16331232 -0.10837445  1.         -0.29728454 -0.87395126  0.650718  ]]
[[-0.48805404 -0.69674355 -0.50023866  0.5458224   1.         -0.07313095]]
[[-0.16901255 -0.11219402  1.         -0.28189626 -0.8875743   0.6400447 ]]
[[-0.4917302  -0.69898844 -0.5125575   0.5629126   1.         -0.08290443]]
[[-0.17457315 -0.11663354  1.         -0.2661245  -0.89911735  0.63060546]]
[[-0.49479765 -0.7002081  -0.5243617   0.5798665   1.         -0.09012346]]
[[-0.18012108 -0.12153037  1.         -0.25074533 -0.9088629   0.6222958 ]]
[[-0.49732125 -0.7004146  -0.5352273   0.5960183   1.         -0.09500273]]
[[-0.18570992 -0.12678194  1.         -0.23599572 -0.9169724   0.61502206]]
[[-0.4993236  -0.69965696 -0.5450425   0.6112038   1.         -0.09768561]]
[[-0.19106238 -0.13194722  1.         -0.21844047 -0.92129844  0.6090053 ]]
[[-0.5003835  -0.6979473  -0.55404663  0.6264727   1.         -0.09728993]]
[[-0.19589618 -0.13698417  1.         -0.19598784 -0.92057353  0.60512775]]
[[-0.5003568  -0.6955779  -0.5632185   0.6419252   1.         -0.09281197]]
[[-0.20128632 -0.14333804  1.         -0.18251114 -0.9229929   0.6032983 ]]
[[-0.5007996  -0.6928709  -0.57147145  0.6518979   1.         -0.08709407]]
[[-0.20742983 -0.14964667  1.         -0.1768175  -0.9275667   0.60208774]]
[[-0.501279   -0.6893274  -0.57631767  0.65671265  1.         -0.08078374]]
[[-0.21369278 -0.15545127  1.         -0.17183283 -0.93142384  0.6010548 ]]
[[-0.50117487 -0.6850372  -0.5793991   0.66089547  1.         -0.07329005]]
[[-0.21989514 -0.1614433   0.99630725 -0.16552755 -0.93294054  0.6001526 ]]
[[-0.50017595 -0.6800558  -0.5783714   0.6617137   1.         -0.06421538]]
[[-0.22593236 -0.16741751  0.96246326 -0.15903483 -0.9334734   0.5999884 ]]
[[-0.49730426 -0.675448   -0.5468476   0.6266322   1.         -0.05651869]]
[[-0.23105267 -0.17038341  0.9380214  -0.15834843 -0.94183964  0.6013484 ]]
[[-0.49490368 -0.6718415  -0.5193008   0.5963421   1.         -0.05088501]]
[[-0.23621243 -0.17391467  0.91184485 -0.15264525 -0.942882    0.60003066]]
[[-0.49118662 -0.6667548  -0.48861524  0.56797063  1.         -0.04334158]]
[[-0.25391212 -0.19113451  0.891631   -0.3022949  -0.97331554  0.6253242 ]]
[[-0.5280736  -0.69706607 -0.4214991   0.04748538  0.8942122   0.04243894]]
[[-0.27817422 -0.14659771  1.         -0.77496386 -1.          0.73900133]]
[[-0.50858986 -0.66829306 -0.24346855 -0.30082405  0.5281675   0.17387256]]
[[-0.3255092  -0.19925314  0.9500655  -0.90788805 -1.          0.69569933]]
[[-0.5357259  -0.6245148  -0.19606003 -0.40699613  0.55578667  0.18621013]]
[[-0.31736767 -0.17474923  1.         -0.95782626 -1.          0.7353781 ]]
[[-0.53119123 -0.6200755  -0.203486   -0.40251485  0.534879    0.21236436]]
[[-0.316979   -0.18333593  0.98842776 -0.9381089  -1.          0.74251693]]
[[-0.5388598  -0.61337346 -0.23376146 -0.36788338  0.60883754  0.21498625]]
[[-0.30254766 -0.17136869  1.         -0.9348296  -1.          0.779584  ]]
[[-0.5340095  -0.6143837  -0.24567011 -0.3486469   0.6323137   0.23342796]]
[[-0.29536453 -0.17375052  1.         -0.9268521  -1.          0.8016032 ]]
[[-0.53538376 -0.6117073  -0.2658273  -0.32690704  0.6791356   0.24609472]]
[[-0.28512383 -0.16981587  1.         -0.93249273 -1.          0.83219624]]
[[-0.53228503 -0.6108051  -0.26773795 -0.32732254  0.70029646  0.2643057 ]]
[[-0.27866834 -0.17076236  1.         -0.9388499  -1.          0.8549391 ]]
[[-0.53213996 -0.60841006 -0.2751517  -0.3249721   0.72895855  0.2791211 ]]
[[-0.2714541  -0.16923192  1.         -0.94955134 -1.          0.87931097]]
[[-0.53046393 -0.6068606  -0.2760187  -0.33059624  0.7473052   0.29483533]]
[[-0.26586157 -0.16928673  1.         -0.95957875 -1.          0.89955485]]
[[-0.53002304 -0.6050655  -0.27936038 -0.3346557   0.7685431   0.30812454]]
[[-0.26004907 -0.16818318  1.         -0.9707501  -1.          0.91956127]]
[[-0.52894956 -0.6038083  -0.27994075 -0.34178132  0.78520745  0.3209843 ]]
[[-0.255004   -0.16758403  1.         -0.98113513 -1.          0.93710357]]
[[-0.5284281  -0.6026717  -0.28159544 -0.34817436  0.8029285   0.33211315]]
[[-0.2499223  -0.16630861  1.         -0.99153244 -1.          0.9539079 ]]
[[-0.52762854 -0.6019478  -0.28189826 -0.35603574  0.8183847   0.34247714]]
[[-0.24519008 -0.16502193  1.         -1.         -1.          0.96901494]]
[[-0.52709854 -0.60150194 -0.28292114 -0.3630887   0.8347303   0.35137618]]
[[-0.24042147 -0.16325459  1.         -1.         -1.          0.9834732 ]]
[[-0.5266834  -0.60188675 -0.28449023 -0.37116313  0.8508737   0.3593368 ]]
[[-0.23596057 -0.16125941  1.         -1.         -1.          0.99740565]]
[[-0.52619296 -0.60243577 -0.2846557  -0.38185725  0.8644976   0.3671192 ]]
[[-0.23206952 -0.15928382  1.         -1.         -1.          1.        ]]
[[-0.52594125 -0.6030376  -0.28460756 -0.3935411   0.87749606  0.374205  ]]
[[-0.22844884 -0.15700734  1.         -1.         -1.          1.        ]]
[[-0.5256599  -0.60376394 -0.28374577 -0.40637642  0.88913935  0.3807854 ]]
[[-0.2251384  -0.15461785  1.         -1.         -1.          1.        ]]
[[-0.5254893  -0.6045819  -0.28273472 -0.41941816  0.9005259   0.38660675]]
[[-0.22199352 -0.15200147  1.         -1.         -1.          1.        ]]
[[-0.5252792  -0.60550386 -0.28115264 -0.43298104  0.91107684  0.3918699 ]]
[[-0.21909516 -0.14930525  1.         -1.         -1.          1.        ]]
[[-0.5251337  -0.60648113 -0.2793697  -0.4466598   0.9213534   0.39648545]]
[[-0.21633264 -0.1464057   1.         -1.         -1.          1.        ]]
[[-0.5249619  -0.6075296  -0.277195   -0.46048713  0.93120337  0.40053618]]
[[-0.21371305 -0.14337972  1.         -1.         -1.          1.        ]]
[[-0.5248055  -0.60863316 -0.274806   -0.4742607   0.9409346   0.40398955]]
[[-0.2111896 -0.1401884  1.        -1.        -1.         1.       ]]
[[-0.52461994 -0.6097898  -0.27207187 -0.48808986  0.9504112   0.4069221 ]]
[[-0.20877787 -0.1368739   1.         -1.         -1.          1.        ]]
[[-0.5244376  -0.6109851  -0.2690981  -0.50188744  0.9598215   0.40932226]]
[[-0.2064518 -0.1334092  1.        -1.        -1.         1.       ]]
[[-0.52423054 -0.61221296 -0.2657895  -0.51574314  0.96907353  0.41124517]]
[[-0.20422389 -0.12982175  1.         -1.         -1.          1.        ]]
[[-0.5240221  -0.61346143 -0.26221758 -0.52960014  0.97830397  0.4126829 ]]
[[-0.20207596 -0.12609285  1.         -1.         -1.          1.        ]]
[[-0.5237928  -0.614723   -0.25831088 -0.54352057  0.9874541   0.4136734 ]]
[[-0.200016   -0.12224249  1.         -1.         -1.          1.        ]]
[[-0.52356    -0.6159884  -0.25412115 -0.55745745  0.9966325   0.414208  ]]
[[-0.19803077 -0.11825507  1.         -1.         -1.          1.        ]]
[[-0.52330816 -0.61724985 -0.24959058 -0.57145333  1.          0.41431218]]
[[-0.19710095 -0.11536665  1.         -1.         -1.          1.        ]]
[[-0.5243909  -0.6180641  -0.24740475 -0.58286047  1.          0.41183585]]
[[-0.19699028 -0.11329565  1.         -1.         -1.          1.        ]]
[[-1.         -1.          1.         -1.          1.         -0.74709135]]
[[-1.         -1.          1.         -1.          1.         -0.83713055]]
[[-1.        -1.         1.        -1.         1.        -0.9008608]]
[[-1.        -1.         1.        -1.         1.        -0.9427668]]
[[-1.        -1.         1.        -1.         1.        -0.9600245]]
[[-1.         -1.          1.         -1.          1.         -0.97759163]]
[[-1. -1.  1. -1.  1. -1.]]
[[-1. -1.  1. -1.  1. -1.]]
[[-1.         -1.          0.92455983 -1.          1.         -1.        ]]
[[-1.         -1.          0.79249954 -1.          1.         -1.        ]]
[[-1.        -1.         0.6430377 -1.         1.        -1.       ]]
[[-1.         -1.          0.44141886 -1.          1.         -1.        ]]
[[-1.         -1.          0.20104513 -1.          1.         -1.        ]]
[[-1.         -1.         -0.00920317 -1.          1.         -1.        ]]
[[-1.         -1.         -0.16029325 -1.          1.         -1.        ]]
[[-1.         -1.         -0.26262972 -1.          1.         -1.        ]]
[[-1.        -1.        -0.3311037 -1.         1.        -1.       ]]
[[-1.         -1.         -0.37523857 -1.          1.         -1.        ]]
[[-1.         -1.         -0.39938638 -1.          1.         -1.        ]]
[[-1.         -1.         -0.40143564 -1.          1.         -1.        ]]
[[-1.         -0.8177059  -0.36566588 -1.          1.         -1.        ]]
[[-1.          0.05914796 -0.21166864 -1.          1.         -1.        ]]
[[-1.          0.35556045  0.16116115 -1.          1.         -1.        ]]
[[-1.          0.36640397  0.72061133 -1.         -0.8165322  -0.9769664 ]]
[[-0.35935315 -0.1474356   1.         -1.         -1.         -0.58835614]]
[[-0.2659146  -0.47256604  0.7394557  -1.         -1.         -0.5424363 ]]
[[-0.28079462 -0.5643624   0.5454652  -1.         -1.         -0.50034827]]
[[-0.30676138 -0.5784943   0.53310823 -1.         -1.         -0.44649255]]
[[-0.3417353  -0.56899256  0.543494   -1.         -1.         -0.39264846]]
[[-0.37786478 -0.5515907   0.5615624  -1.         -1.         -0.33764303]]
[[-0.41435438 -0.5335238   0.5795477  -1.         -1.         -0.2751528 ]]
[[-0.44912183 -0.51078445  0.5979182  -1.         -1.         -0.21769251]]
[[-0.4717933  -0.4682644   0.6174897  -1.         -1.         -0.23495705]]
[[-0.48948604 -0.4448926   0.6249869  -1.         -1.         -0.24362342]]
[[-0.50983465 -0.4267109   0.62333953 -1.         -1.         -0.26115698]]
[[-0.53059703 -0.40892527  0.6246898  -1.         -1.         -0.28372633]]
[[-0.5509093  -0.3909726   0.62641126 -1.         -1.         -0.30998486]]
[[-0.5698568  -0.37359923  0.6273114  -1.         -1.         -0.33925217]]
[[-0.5869606  -0.35725594  0.6264918  -1.         -1.         -0.37125874]]
[[-0.6019004  -0.34217787  0.623461   -1.         -1.         -0.40590596]]
[[-0.6144429  -0.32847977  0.6178483  -1.         -0.9307173  -0.44314563]]
[[-0.6108813 -0.3006164  0.6211958 -1.        -0.8590603 -0.4565599]]
[[-0.595529   -0.2813629   0.60742223 -1.         -0.8098299  -0.45791638]]
[[-0.5785056  -0.2759519   0.578382   -1.         -0.7392822  -0.46166492]]
[[-0.5571939  -0.27039972  0.5537753  -1.         -0.67684793 -0.45729017]]
[[-0.5347592  -0.26908004  0.52532804 -0.8420074  -0.6074001  -0.4500898 ]]
[[-0.51716274 -0.27584392  0.47456792 -0.5833672  -0.5142473  -0.4436965 ]]
[[-0.5001908  -0.28564456  0.4248526  -0.370807   -0.4340447  -0.4266758 ]]
[[-0.48352563 -0.2958003   0.3877666  -0.209405   -0.37248018 -0.39903992]]
[[-0.46869516 -0.30516034  0.35980624 -0.08944094 -0.32181546 -0.36443424]]
[[-0.45543182 -0.31310266  0.33996195 -0.00309291 -0.28158993 -0.32401967]]
[[-0.44387817 -0.32007685  0.32526788  0.0570378  -0.24765436 -0.27966368]]
[[-0.43360984 -0.3260787   0.31470487  0.09672531 -0.21900927 -0.23188807]]
[[-0.42449814 -0.331484    0.30693275  0.11985716 -0.19424023 -0.18165208]]
[[-0.41635323 -0.336389    0.30124018  0.12964052 -0.17247583 -0.1294431 ]]
[[-0.40899456 -0.34089434  0.29705572  0.12874988 -0.15299459 -0.07566585]]
[[-0.40226287 -0.3450928   0.2939501   0.11932296 -0.13525654 -0.02065554]]
[[-0.3960282  -0.34906003  0.29159895  0.10306916 -0.11883504  0.03529955]]
[[-0.39018336 -0.3528521   0.28976905  0.08135828 -0.10341454  0.09195301]]
[[-0.38464326 -0.35651076  0.2882895   0.05529699 -0.08875079  0.14908558]]
[[-0.37933934 -0.36006618  0.28704125  0.02577965 -0.07466764  0.20650195]]
[[-0.3749476  -0.36473295  0.28793254 -0.01614416 -0.06777147  0.26296878]]
[[-0.3731767  -0.37081766  0.29335275 -0.07973604 -0.07509757  0.3151374 ]]
[[-0.3735946  -0.3741863   0.30053034 -0.14292139 -0.08461275  0.36154228]]
[[-0.37430897 -0.37618223  0.30818635 -0.19897519 -0.09477151  0.40349197]]
[[-0.37492716 -0.3779674   0.31396145 -0.24507171 -0.10186765  0.4411375 ]]
[[-0.37505722 -0.37985417  0.31815702 -0.2822448  -0.10637481  0.475639  ]]
[[-0.37475455 -0.38205773  0.32057753 -0.311898   -0.10799218  0.5075789 ]]
[[-0.3740373  -0.38455075  0.3217324  -0.33600345 -0.10754152  0.5376758 ]]
[[-0.37302363 -0.38729984  0.32187194 -0.35612786 -0.1054449   0.56633806]]
[[-0.37179232 -0.3902216   0.32136163 -0.37360638 -0.10230168  0.5939163 ]]
[[-0.37070006 -0.39334303  0.32008484 -0.3904654  -0.09804752  0.6199063 ]]
[[-0.37135983 -0.39679003  0.3172681  -0.41497713 -0.09212034  0.6402991 ]]
[[-0.37156063 -0.39779156  0.32141143 -0.44592297 -0.09764902  0.659768  ]]
[[-0.3726678  -0.39821434  0.32450685 -0.4745333  -0.1020313   0.67476475]]
[[-0.37365133 -0.3978191   0.32890156 -0.50071245 -0.10857873  0.68730974]]
[[-0.37476534 -0.39727712  0.3322417  -0.5221842  -0.11351261  0.6968922 ]]
[[-0.37567282 -0.39660192  0.33521754 -0.5394894  -0.11780893  0.7045032 ]]
[[-0.37644532 -0.3960116   0.3372743  -0.5526963  -0.12059116  0.710349  ]]
[[-0.37700844 -0.39550418  0.338746   -0.56263644 -0.12237052  0.71498495]]
[[-0.37741145 -0.39512303  0.3396026  -0.5699028  -0.1231171   0.7186719 ]]
[[-0.37766135 -0.39484555  0.3400475  -0.57518506 -0.12316249  0.72171134]]
[[-0.3777976  -0.3946638   0.3401538  -0.57898974 -0.12263884  0.72427446]]
[[-0.3778424  -0.39455342  0.34004182 -0.581758   -0.12174697  0.7265122 ]]
[[-0.37782267 -0.39449912  0.3397745  -0.58380294 -0.12059838  0.7285149 ]]
[[-0.37775654 -0.39448333  0.33941555 -0.5853647  -0.11929982  0.73035127]]
[[-0.37765998 -0.3944938   0.33900267 -0.5866076  -0.11791671  0.73206335]]
[[-0.37754357 -0.39452088  0.3385659  -0.58764726 -0.11649994  0.7336801 ]]
[[-0.37741587 -0.3945576   0.3381227  -0.58855903 -0.11507935  0.7352193 ]]
[[-0.37728223 -0.39459842  0.3376866  -0.5893935  -0.11367696  0.736693  ]]
[[-0.37714636 -0.3946405   0.33726397 -0.59018135 -0.11230427  0.7381086 ]]
[[-0.37701082 -0.3946811   0.3368593  -0.5909413  -0.11096758  0.73947096]]
[[-0.3768769  -0.39471924  0.3364746  -0.5916852  -0.10967038  0.7407838 ]]
[[-0.37674588 -0.39475322  0.33611095 -0.5924195  -0.10841303  0.7420498 ]]
[[-0.3766176  -0.39478338  0.3357685  -0.5931474  -0.10719582  0.74327177]]
[[-0.3764926  -0.39480913  0.335446   -0.59387016 -0.1060162   0.7444512 ]]
[[-0.37637085 -0.39483067  0.33514324 -0.59458923 -0.10487291  0.74559045]]
[[-0.37625223 -0.39484745  0.33485967 -0.5953053  -0.10376463  0.7466916 ]]
[[-0.3761366  -0.39486015  0.3345939  -0.59601796 -0.10268838  0.74775636]]
[[-0.37602395 -0.39486855  0.33434555 -0.5967281  -0.10164288  0.74878675]]
[[-0.37591392 -0.39487296  0.33411384 -0.5974357  -0.10062654  0.74978477]]
[[-0.37580657 -0.39487332  0.3338977  -0.5981412  -0.09963702  0.750752  ]]
[[-0.37570155 -0.3948698   0.33369678 -0.59884465 -0.09867327  0.75169045]]
[[-0.3755989  -0.39486253  0.33351013 -0.5995466  -0.09773315  0.75260156]]
[[-0.37549824 -0.3948518   0.33333746 -0.60024774 -0.09681614  0.7534873 ]]
[[-0.37539977 -0.39483738  0.3331779  -0.6009483  -0.09591963  0.75434875]]
[[-0.375303   -0.39481968  0.3330313  -0.6016488  -0.09504364  0.755188  ]]
[[-0.3752082  -0.39479852  0.33289665 -0.6023494  -0.09418586  0.7560059 ]]
[[-0.37511474 -0.39477432  0.33277407 -0.60305107 -0.09334631  0.7568042 ]]
[[-0.3750232  -0.39474672  0.33266252 -0.6037538  -0.09252242  0.7575838 ]]
[[-0.37493283 -0.39471608  0.33256236 -0.6044582  -0.09171488  0.75834644]]
[[-0.37484393 -0.39468277  0.33247223 -0.60516435 -0.09092106  0.75909257]]
[[-0.3747561  -0.39464605  0.33239284 -0.6058725  -0.09014157  0.75982404]]
[[-0.37466955 -0.3946069   0.33232248 -0.606583   -0.08937383  0.76054114]]
[[-0.37458408 -0.3945647   0.33226225 -0.60729694 -0.08861842  0.7612453 ]]
[[-0.3744994  -0.39451975  0.3322112  -0.6080137  -0.08787435  0.7619375 ]]
[[-0.3744157  -0.39447236  0.33216846 -0.6087333  -0.08713973  0.76261806]]
[[-0.3743327  -0.3944221   0.33213493 -0.60945696 -0.0864154   0.7632884 ]]
[[-0.37425047 -0.3943693   0.3321094  -0.6101841  -0.08569927  0.7639489 ]]
[[-0.3741688  -0.39431417  0.33209217 -0.6109156  -0.08499178  0.7646005 ]]
[[-0.37408778 -0.39425617  0.3320828  -0.6116508  -0.08429164  0.7652439 ]]
[[-0.3740072  -0.39419594  0.33208108 -0.6123907  -0.08359838  0.76587963]]
[[-0.37392694 -0.39413342  0.33208683 -0.61313534 -0.08291169  0.76650834]]
[[-0.37384713 -0.39406827  0.3320999  -0.61388445 -0.08223078  0.76713073]]
[[-0.37376755 -0.39400086  0.3321202  -0.61463857 -0.08155531  0.7677473 ]]
[[-0.3736882  -0.39393115  0.3321474  -0.6153979  -0.08088441  0.7683584 ]]
[[-0.3736088  -0.3938591   0.33218148 -0.61616206 -0.0802184   0.7689649 ]]
[[-0.37352997 -0.39378476  0.33222193 -0.61693203 -0.0795551   0.7695667 ]]
[[-0.3734507  -0.3937077   0.33227003 -0.6177075  -0.07889742  0.7701653 ]]
[[-0.37337178 -0.39362913  0.33232307 -0.6184882  -0.07824033  0.7707596 ]]
[[-0.37329245 -0.3935477   0.33238402 -0.61927545 -0.07758832  0.7713516 ]]
[[-0.3732133  -0.39346442  0.3324499  -0.6200677  -0.07693668  0.7719403 ]]
[[-0.37313375 -0.39337873  0.33252305 -0.6208669  -0.07628846  0.77252716]]
[[-0.3730542  -0.39329064  0.33260167 -0.6216717  -0.07564092  0.7731118 ]]
[[-0.3729742  -0.39320076  0.3326867  -0.6224832  -0.07499545  0.773695  ]]
[[-0.3728941  -0.39310807  0.3327775  -0.6233007  -0.07435019  0.77427673]]
[[-0.37281346 -0.39301336  0.33287472 -0.6241251  -0.07370652  0.7748577 ]]
[[-0.37273255 -0.39291674  0.33297697 -0.6249559  -0.07306236  0.7754375 ]]
[[-0.37265125 -0.39281735  0.33308595 -0.6257938  -0.07241882  0.7760172 ]]
[[-0.37256926 -0.392716    0.3332005  -0.62663805 -0.07177552  0.77659667]]
[[-0.37248716 -0.39261252  0.33332044 -0.6274898  -0.07113051  0.77717584]]
[[-0.37240416 -0.3925062   0.33344734 -0.62834865 -0.07048687  0.777756  ]]
[[-0.37232083 -0.39239818  0.3335785  -0.62921405 -0.06984032  0.7783358 ]]
[[-0.37223667 -0.3922876   0.33371666 -0.63008773 -0.06919417  0.77891684]]
[[-0.37215215 -0.3921747   0.3338599  -0.6309682  -0.06854558  0.77949846]]
[[-0.37206668 -0.39205948  0.33400965 -0.6318567  -0.06789657  0.7800815 ]]
[[-0.37198085 -0.39194193  0.33416438 -0.63275266 -0.06724443  0.7806653 ]]
[[-0.37189388 -0.39182174  0.33432603 -0.6336564  -0.06659231  0.7812512 ]]
[[-0.37180662 -0.39169955  0.33449197 -0.6345676  -0.06593522  0.78183776]]
[[-0.37171805 -0.39157453  0.33466578 -0.6354877  -0.06527916  0.7824271 ]]
[[-0.37162918 -0.39144748  0.3348432  -0.6364144  -0.06461691  0.7830172 ]]
[[-0.37153906 -0.39131737  0.33502886 -0.63735086 -0.06395542  0.78361046]]
[[-0.3714484  -0.39118546  0.3352185  -0.63829434 -0.06328811  0.78420484]]
[[-0.3713565  -0.3910504   0.33541584 -0.63924706 -0.06262004  0.78480226]]
[[-0.37126416 -0.39091298  0.33561784 -0.6402077  -0.06194654  0.78540134]]
[[-0.37117034 -0.39077297  0.33582753 -0.64117765 -0.06127212  0.7860037 ]]
[[-0.37107614 -0.3906302   0.33604148 -0.642155   -0.06059113  0.78660774]]
[[-0.37098026 -0.39048478  0.33626387 -0.6431424  -0.05990971  0.7872154 ]]
[[-0.37088406 -0.39033696  0.33649004 -0.6441375  -0.05922081  0.78782463]]
[[-0.37078637 -0.3901857   0.33672535 -0.64514315 -0.05853119  0.78843796]]
[[-0.3706879  -0.3900324   0.33696464 -0.64615613 -0.05783468  0.7890531 ]]
[[-0.37058806 -0.38987544  0.3372124  -0.6471791  -0.0571358   0.789672  ]]
[[-0.3704875  -0.38971648  0.33746505 -0.6482111  -0.05643024  0.79029316]]
[[-0.3703854  -0.38955384  0.33772618 -0.6492528  -0.05572264  0.79091823]]
[[-0.3702827  -0.38938874  0.33799204 -0.650303   -0.05500705  0.7915455 ]]
[[-0.3701783  -0.3892201   0.33826715 -0.65136397 -0.05428979  0.79217696]]
[[-0.37007326 -0.38904905  0.33854657 -0.6524333  -0.05356392  0.7928105 ]]
[[-0.36996657 -0.38887414  0.33883572 -0.65351343 -0.05283624  0.7934484 ]]
[[-0.36985904 -0.38869664  0.33912945 -0.6546017  -0.05209981  0.7940885 ]]
[[-0.36975008 -0.3885156   0.33943263 -0.6557021  -0.05136023  0.7947327 ]]
[[-0.36964    -0.3883314   0.33974168 -0.65681076 -0.05061334  0.7953799 ]]
[[-0.3695284  -0.38814372  0.340059   -0.65792906 -0.04986117  0.79603034]]
[[-0.36941558 -0.3879528   0.34038308 -0.6590557  -0.04910197  0.79668367]]
[[-0.36930138 -0.38775805  0.3407152  -0.66019213 -0.04833674  0.7973404 ]]
[[-0.36918572 -0.38756046  0.34105474 -0.6613382  -0.04756505  0.79800016]]
[[-0.36906898 -0.3873587   0.3414024  -0.6624948  -0.04678646  0.79866296]]
[[-0.36895066 -0.38715369  0.34175813 -0.6636616  -0.04600174  0.7993291 ]]
[[-0.36883116 -0.38694507  0.3421219  -0.66483897 -0.04520975  0.7999982 ]]
[[-0.36871037 -0.38673222  0.3424943  -0.66602683 -0.04441115  0.8006706 ]]
[[-0.36858815 -0.38651597  0.34287494 -0.6672255  -0.04360535  0.80134606]]
[[-0.36846453 -0.3862956   0.34326434 -0.66843414 -0.04279232  0.8020244 ]]
[[-0.3683397  -0.3860713   0.34366217 -0.66965383 -0.0419713   0.80270565]]
[[-0.36821342 -0.38584274  0.3440696  -0.6708846  -0.04114351  0.80338997]]
[[-0.36808568 -0.3856104   0.3444854  -0.6721256  -0.04030734  0.80407697]]
[[-0.3679567  -0.38537338  0.3449108  -0.67337716 -0.03946319  0.8047668 ]]
[[-0.3678261  -0.3851325   0.34534544 -0.6746398  -0.03861141  0.80545926]]
[[-0.36769426 -0.384887    0.3457893  -0.675913   -0.03775045  0.80615425]]
[[-0.36756074 -0.38463718  0.34624347 -0.6771972  -0.03688198  0.80685174]]
[[-0.3674261  -0.38438302  0.3467064  -0.6784919  -0.03600347  0.80755126]]
[[-0.36728978 -0.3841235   0.347181   -0.67979825 -0.03511781  0.80825365]]
[[-0.36715215 -0.38386014  0.34766412 -0.6811147  -0.03422141  0.8089574 ]]
[[-0.3670128  -0.38359138  0.34815887 -0.6824423  -0.03331736  0.8096638 ]]
[[-0.36687255 -0.383318    0.34866294 -0.68378067 -0.0324017   0.8103713 ]]
[[-0.36672997 -0.38303947  0.34917977 -0.6851305  -0.03147994  0.8110815 ]]
[[-0.36658698 -0.3827563   0.3497042  -0.6864897  -0.03054311  0.8117916 ]]
[[-0.3664414  -0.3824669   0.3502445  -0.6878624  -0.02960311  0.81250525]]
[[-0.36629564 -0.38217378  0.35079014 -0.6892425  -0.02864479  0.8132174 ]]
[[-0.36614677 -0.38187355  0.35135445 -0.69063723 -0.02768579  0.81393355]]
[[-0.36599845 -0.38156986  0.35192168 -0.6920383  -0.02670373  0.8146466 ]]
[[-0.36584628 -0.38125777  0.35251224 -0.6934558  -0.02572654  0.81536514]]
[[-0.36569554 -0.38094357  0.35310042 -0.694876   -0.02471889  0.816078  ]]
[[-0.3655398  -0.38061917  0.35371882 -0.69631696 -0.02372358  0.81679815]]
[[-0.36538693 -0.38029414  0.35432822 -0.6977566  -0.02268798  0.8175093 ]]
[[-0.36522716 -0.3799566   0.3549769  -0.6992207  -0.02167597  0.8182309 ]]
[[-0.3650728  -0.37962094  0.35560572 -0.70067763 -0.02060792  0.8189382 ]]
[[-0.36490846 -0.3792688   0.35628903 -0.70216656 -0.01958306  0.8196617 ]]
[[-0.36475348 -0.37892318  0.3569339  -0.7036384  -0.0184758   0.82036215]]
[[-0.36458325 -0.37855443  0.35765865 -0.7051548  -0.01744482  0.82108855]]
[[-0.3644293  -0.3782004   0.35831237 -0.7066366  -0.01628671  0.8217777 ]]
[[-0.36425132 -0.37781218  0.35909018 -0.7081857  -0.01526246  0.82250994]]
[[-0.36410117 -0.37745196  0.35974073 -0.7096697  -0.01403497  0.8231811 ]]
[[-0.3639118  -0.37703964  0.36058953 -0.7112597  -0.01303918  0.8239248 ]]
[[-0.3637703  -0.37667853  0.36121488 -0.71273315 -0.01171065  0.824567  ]]
[[-0.36356142 -0.3762316   0.36216682 -0.7143574  -0.01078246  0.8253282 ]]
[[-0.36341488 -0.37585855  0.3627184  -0.7155225  -0.00927675  0.8258568 ]]
[[-0.363133   -0.3753488   0.36376262 -0.7166229  -0.00839795  0.826496  ]]
[[-0.36298043 -0.3750319   0.3640855  -0.71724117 -0.00655601  0.82678926]]
[[-0.3626147  -0.3744645   0.3653459  -0.7180704  -0.00592962  0.82736397]]
[[-0.36251456 -0.37424508  0.36531526 -0.71829355 -0.00360298  0.82738566]]
[[-0.3620429  -0.3735548   0.36704195 -0.7191234  -0.00356473  0.8280021 ]]
[[-3.6208016e-01 -3.7350869e-01  3.6637521e-01 -7.1899152e-01
  -3.9427867e-04  8.2766294e-01]]
[[-0.3614296  -0.37257123  0.36901838 -0.7201141  -0.00152715  0.8285034 ]]
[[-0.36174136 -0.3728555   0.36712965 -0.7194959   0.00324403  0.8276037 ]]
[[-3.6074427e-01 -3.7143523e-01  3.7154752e-01 -7.2130597e-01
  -1.6093394e-04  8.2900023e-01]]
[[-0.36158302 -0.37237024  0.36725125 -0.7197988   0.00774155  0.8271204 ]]
[[-3.5989219e-01 -3.7000269e-01  3.7513989e-01 -7.2297311e-01
  -1.0569533e-04  8.2970929e-01]]
[[-0.36175427 -0.37224105  0.3660403  -0.7196864   0.01400732  0.8259859 ]]
[[-0.3586638  -0.36798906  0.38081956 -0.725528   -0.00265049  0.8310275 ]]
[[-0.36255312 -0.37286654  0.36203346 -0.71861386  0.02392054  0.82369137]]
[[-0.35677755 -0.36498377  0.3907365  -0.7316432  -0.01063133  0.83415437]]
[[-0.3647265  -0.3749853   0.35259575 -0.71714795  0.04092547  0.8196545 ]]
[[-0.35371798 -0.35999513  0.40937966 -0.7468852  -0.02979026  0.84162116]]
[[-0.3697988  -0.38007677  0.3323424  -0.71639824  0.07212146  0.81274617]]
[[-0.34743217 -0.34982944  0.44569173 -0.7702935  -0.07060299  0.8559344 ]]
[[-0.38005245 -0.3918276   0.2874833  -0.7071718   0.13501947  0.79741895]]
[[-0.33421427 -0.329809    0.51821256 -0.8102076  -0.15669727  0.88404036]]
[[-0.40056837 -0.41685277  0.19078113 -0.6706642   0.26486832  0.7619895 ]]
[[-0.30733532 -0.29086044  0.6634033  -0.8841369  -0.33504412  0.93905467]]
[[-0.44126773 -0.46700165 -0.00853789 -0.5680579   0.5281926   0.68342185]]
[[-0.25749117 -0.21910524  0.9383997  -1.         -0.68166584  1.        ]]
[[-0.51984525 -0.5639029  -0.36465302 -0.410699    0.984266    0.5404146 ]]
[[-0.19160551 -0.10684439  1.         -1.         -1.          1.        ]]
[[-0.5360273  -0.6264321  -0.3117837  -0.62919724  1.          0.4530939 ]]
[[-0.19927555 -0.11044229  1.         -1.         -1.          1.        ]]
[[-0.54048604 -0.6121145  -0.21883103 -0.73084116  1.          0.42155617]]
[[-0.20031531 -0.10608951  1.         -1.         -1.          1.        ]]
[[-0.5435295  -0.61042833 -0.20484105 -0.7353258   1.          0.39788228]]
[[-0.19915152 -0.10272003  1.         -1.         -1.          1.        ]]
[[-0.5466418  -0.6096223  -0.20538694 -0.7170304   1.          0.3741998 ]]
[[-0.19725116 -0.10178902  1.         -1.         -1.          1.        ]]
[[-0.55042017 -0.6081589  -0.20759168 -0.694362    1.          0.3490858 ]]
[[-0.19524351 -0.10232509  1.         -1.         -1.          1.        ]]
[[-0.55474716 -0.60610867 -0.2085217  -0.67238283  1.          0.32292387]]
[[-0.19330542 -0.10351598  1.         -1.         -0.96831906  1.        ]]
[[-0.54930717 -0.59827006 -0.18441811 -0.658931    1.          0.31409138]]
[[-0.19004865 -0.10338538  1.         -1.         -0.93569106  1.        ]]
[[-0.54161817 -0.5936455  -0.17191541 -0.6388911   1.          0.31502128]]
[[-0.18681455 -0.1019553   1.         -1.         -0.9187967   1.        ]]
[[-0.53771466 -0.5932464  -0.17386124 -0.61965823  1.          0.31381288]]
[[-0.18481512 -0.10010234  1.         -1.         -0.9019575   1.        ]]
[[-0.53403604 -0.5919407  -0.16879824 -0.6121635   1.          0.31321132]]
[[-0.18358539 -0.09773449  1.         -1.         -0.88810265  0.99575734]]
[[-0.53130734 -0.59111327 -0.1634582  -0.61029685  1.          0.3122301 ]]
[[-0.18300533 -0.09484298  1.         -1.         -0.8756408   0.991154  ]]
[[-0.5290618  -0.59033126 -0.15661865 -0.6129736   1.          0.3109408 ]]
[[-0.18288462 -0.09153599  1.         -1.         -0.8639726   0.9865154 ]]
[[-0.5271122  -0.5895677  -0.14880618 -0.6183534   1.          0.3093489 ]]
[[-0.18308157 -0.08790041  1.         -1.         -0.85257417  0.981686  ]]
[[-0.52529263 -0.5887577  -0.14020571 -0.62524176  1.          0.30749902]]
[[-0.18349622 -0.08401122  1.         -1.         -0.8410915   0.97657907]]
[[-0.52349216 -0.5878613  -0.13096657 -0.6328217   1.          0.30543536]]
[[-0.18414336 -0.08001242  1.         -1.         -0.8295217   0.9712142 ]]
[[-0.52171296 -0.5868594  -0.12128043 -0.6407292   1.          0.30316448]]
[[-0.18539096 -0.07648205  1.         -1.         -0.8204881   0.9656804 ]]
[[-0.5207524  -0.58646    -0.11272654 -0.6497507   1.          0.29965964]]
[[-0.1865663  -0.07186336  1.         -1.         -0.8093888   0.95896876]]
[[-0.5191521  -0.58550036 -0.10191634 -0.6578723   1.          0.2959425 ]]
[[-0.18768424 -0.06730486  1.         -1.         -0.79728633  0.9516916 ]]
[[-0.5173253  -0.58443856 -0.09115922 -0.66433215  1.          0.29206553]]
[[-0.18878306 -0.06264675  1.         -1.         -0.784624    0.94401157]]
[[-0.51534396 -0.5832859  -0.08034465 -0.66954815  1.          0.28793836]]
[[-0.18989919 -0.05789944  1.         -1.         -0.7713092   0.93588567]]
[[-0.5131981  -0.58197826 -0.06919578 -0.6738153   1.          0.2835944 ]]
[[-0.19105203 -0.05306049  1.         -1.         -0.7574114   0.92734015]]
[[-0.4807549  -0.55129015 -0.0653429  -0.35803962  1.          0.23100175]]
[[-0.16058652 -0.06013922  1.         -0.9003844  -0.658451    0.8582463 ]]
[[-0.44485682 -0.5484991  -0.08773193 -0.09148404  1.          0.20000745]]
[[-0.13147043 -0.06456154  1.         -0.6043288  -0.6196784   0.8089149 ]]
[[-0.4211926  -0.5745512  -0.18822378  0.18418875  1.          0.16670902]]
[[-0.11369386 -0.07828241  1.         -0.4228791  -0.6256929   0.7804761 ]]
[[-0.41586894 -0.60403734 -0.29003468  0.36516753  1.          0.13579372]]
[[-0.10768187 -0.08806098  1.         -0.33575332 -0.653486    0.7624694 ]]
[[-0.42089576 -0.6277793  -0.36106375  0.46000496  1.          0.10497925]]
[[-0.1100063  -0.09453524  1.         -0.30633435 -0.6856969   0.7469311 ]]
[[-0.43034554 -0.64464074 -0.4024742   0.49830046  1.          0.07596614]]
[[-0.11682744 -0.09813245  1.         -0.30555385 -0.72007996  0.73279876]]
[[-0.4415205  -0.6573257  -0.42718735  0.5083324   1.          0.04829719]]
[[-0.12545124 -0.09990276  1.         -0.3149091  -0.75327486  0.7188832 ]]
[[-0.45236737 -0.6670696  -0.44218662  0.5076146   1.          0.02239801]]
[[-0.13422155 -0.10092653  1.         -0.32347393 -0.78354573  0.7049588 ]]
[[-0.4620821  -0.6752817  -0.45280966  0.5046208   1.         -0.00143014]]
[[-0.14250284 -0.1016262   1.         -0.3272265  -0.81146866  0.6913548 ]]
[[-0.47061908 -0.68257725 -0.46286038  0.5045217   1.         -0.02328609]]
[[-0.15006454 -0.10254722  1.         -0.32482782 -0.83600265  0.6779299 ]]
[[-0.4776814  -0.688447   -0.47336432  0.5109092   1.         -0.04255567]]
[[-0.15675838 -0.10442679  1.         -0.31587666 -0.8558825   0.66485125]]
[[-0.48323435 -0.6929465  -0.48453864  0.5230615   1.         -0.05857374]]
[[-0.16276604 -0.10729299  1.         -0.30240694 -0.87248176  0.6528472 ]]
[[-0.48774546 -0.69643646 -0.4968761   0.53902245  1.         -0.07154386]]
[[-0.168406   -0.11102048  1.         -0.2868338  -0.8863085   0.64201653]]
[[-0.4914608  -0.6988642  -0.509356    0.55639315  1.         -0.08165486]]
[[-0.173897   -0.11537949  1.         -0.27077863 -0.89806074  0.6324161 ]]
[[-0.4945702  -0.70027244 -0.52138937  0.57373047  1.         -0.08922084]]
[[-0.17937428 -0.12021264  1.         -0.2550594  -0.9079861   0.6239306 ]]
[[-0.49713635 -0.7006586  -0.5325018   0.5903151   1.         -0.09444596]]
[[-0.18489283 -0.1254112   1.         -0.2399379  -0.9162776   0.6164773 ]]
[[-0.49918753 -0.70007646 -0.5425869   0.605965    1.         -0.09748289]]
[[-0.18971413 -0.12992612  1.         -0.21662095 -0.9173457   0.61071897]]
[[-0.4996344  -0.6984567  -0.5521753   0.623345    1.         -0.09596972]]
[[-0.1944995  -0.1355224   1.         -0.19615614 -0.9183844   0.60754776]]
[[-0.50005573 -0.6966218  -0.5623895   0.6376585   1.         -0.09181294]]
[[-0.20030576 -0.14202878  1.         -0.1878942  -0.92396605  0.60552   ]]
[[-0.501129   -0.6941293  -0.5696082   0.6447437   1.         -0.08751497]]
[[-0.20649938 -0.14773783  1.         -0.18221948 -0.9292977   0.60358375]]
[[-0.5016707  -0.69063747 -0.57373834  0.64991724  1.         -0.08231375]]
[[-0.21267505 -0.15352458  1.         -0.17551102 -0.93258256  0.60165423]]
[[-0.5014888  -0.68630046 -0.57710636  0.65607643  1.         -0.07540515]]
[[-0.21876372 -0.1596584   1.         -0.16731158 -0.93354195  0.60014594]]
[[-0.5006335  -0.6812788  -0.5806289   0.6633017   1.         -0.06633262]]
[[-0.22484046 -0.16617638  0.96850145 -0.15881264 -0.9325251   0.5994838 ]]
[[-0.4978038  -0.67643267 -0.55273116  0.63315535  1.         -0.0580738 ]]
[[-0.23004664 -0.16959682  0.94264865 -0.15743533 -0.9403243   0.6009055 ]]
[[-0.49542964 -0.67284197 -0.5249692   0.6021074   1.         -0.0522614 ]]
[[-0.23526469 -0.17307761  0.9168017  -0.15281776 -0.9423208   0.59989613]]
[[-0.49189198 -0.6678849  -0.49448147  0.5732963   1.         -0.0449795 ]]
[[-0.25304866 -0.19023268  0.89683354 -0.30266488 -0.97298163  0.62502897]]
[[-0.52902883 -0.6983084  -0.42776778  0.05270341  0.9045097   0.04030472]]
[[-0.27552933 -0.14234546  1.         -0.77222955 -1.          0.7438529 ]]
[[-0.50832933 -0.671799   -0.24517256 -0.30390322  0.53536916  0.17276964]]
[[-0.32393083 -0.19621181  0.95938706 -0.9133513  -1.          0.6997416 ]]
[[-0.53622746 -0.6269789  -0.20412567 -0.40466526  0.5596862   0.18638451]]
[[-0.31654269 -0.17241237  1.         -0.9635732  -1.          0.7384225 ]]
[[-0.5316651  -0.622302   -0.20376709 -0.4098853   0.5385743   0.21180658]]
[[-0.31603324 -0.18023798  0.997553   -0.9454725  -1.          0.7457237 ]]
[[-0.53953785 -0.61563754 -0.24085936 -0.36743167  0.61163974  0.21493638]]
[[-0.30181786 -0.16873786  1.         -0.9406599  -1.          0.78223723]]
[[-0.53449196 -0.6166461  -0.24586418 -0.3559786   0.6360782   0.23245601]]
[[-0.29433832 -0.1704696   1.         -0.93391824 -1.          0.8045989 ]]
[[-0.5354998  -0.6139953  -0.26391882 -0.33590972  0.6817298   0.24511072]]
[[-0.28417283 -0.16669622  1.         -0.9388832  -1.          0.83460814]]
[[-0.5325477  -0.61306053 -0.26639837 -0.33533004  0.70416254  0.2627911 ]]
[[-0.27750033 -0.16738147  1.         -0.94502187 -1.          0.8575142 ]]
[[-0.5322607  -0.6107952  -0.27362996 -0.33290285  0.73276705  0.27750057]]
[[-0.27025968 -0.16586414  1.         -0.9555088  -1.          0.88172495]]
[[-0.53060454 -0.60926485 -0.27466837 -0.3382146   0.7515961   0.29301023]]
[[-0.2645815  -0.16580889  1.         -0.965587   -1.          0.90201086]]
[[-0.5301027  -0.60751325 -0.2778669  -0.3423614   0.77286494  0.30623242]]
[[-0.25875026 -0.16466804  1.         -0.97682023 -1.          0.9219498 ]]
[[-0.5290202  -0.60626197 -0.27839488 -0.34952152  0.78972507  0.31898785]]
[[-0.25366974 -0.16399254  1.         -0.98733616 -1.          0.9394778 ]]
[[-0.52847093 -0.6051419  -0.27989912 -0.35611328  0.80750734  0.330052  ]]
[[-0.2485562  -0.16263099  1.         -0.9976562  -1.          0.95621455]]
[[-0.52765375 -0.60442847 -0.28013933 -0.36397094  0.82322687  0.34029055]]
[[-0.24377474 -0.16125914  1.         -1.         -1.          0.9713075 ]]
[[-0.5273383  -0.60438544 -0.28221095 -0.3711456   0.8407485   0.34890932]]
[[-0.2389217  -0.15918925  1.         -1.         -1.          0.9861972 ]]
[[-0.5267178  -0.6047986  -0.2827116  -0.38085607  0.8555065   0.35727507]]
[[-0.23469529 -0.15734449  1.         -1.         -1.          0.99977916]]
[[-0.52640104 -0.6052461  -0.28311893 -0.39163005  0.8697198   0.36491382]]
[[-0.23075788 -0.15516981  1.         -1.         -1.          1.        ]]
[[-0.5260288  -0.6058365  -0.2824858  -0.40403056  0.88215154  0.37213808]]
[[-0.22724159 -0.15295547  1.         -1.         -1.          1.        ]]
[[-0.5258209  -0.60649496 -0.28169593 -0.41687602  0.89419514  0.37860453]]
[[-0.2239165  -0.15046579  1.         -1.         -1.          1.        ]]
[[-0.52557236 -0.60727096 -0.28027713 -0.43034655  0.9052952   0.3844875 ]]
[[-0.22081688 -0.14785203  1.         -1.         -1.          1.        ]]
[[-0.5253953  -0.6081397  -0.2787172  -0.4438239   0.9162553   0.38962382]]
[[-0.21788025 -0.14506635  1.         -1.         -1.          1.        ]]
[[-0.52517784 -0.60907996 -0.2765997  -0.4577605   0.9264301   0.394242  ]]
[[-0.21515208 -0.14217412  1.         -1.         -1.          1.        ]]
[[-0.525022   -0.6100731  -0.2743632  -0.47160083  0.93657285  0.39818907]]
[[-0.21251744 -0.13907427  1.         -1.         -1.          1.        ]]
[[-0.5248139  -0.6111293  -0.2716804  -0.48558748  0.9462909   0.4016105 ]]
[[-0.21002208 -0.13587078  1.         -1.         -1.          1.        ]]
[[-0.5246332  -0.6122283  -0.26882872 -0.4994657   0.9560164   0.40443677]]
[[-0.20760636 -0.13249078  1.         -1.         -1.          1.        ]]
[[-0.5244097  -0.6133686  -0.26557708 -0.5134402   0.96547353  0.4067738 ]]
[[-0.20530586 -0.12900159  1.         -1.         -1.          1.        ]]
[[-0.5242009  -0.61453515 -0.2621133  -0.527354    0.97496057  0.4085765 ]]
[[-0.20308115 -0.1253519   1.         -1.         -1.          1.        ]]
[[-0.52395767 -0.61572194 -0.2582658  -0.5413579   0.98428315  0.4099205 ]]
[[-0.20095782 -0.12158928  1.         -1.         -1.          1.        ]]
[[-0.5237232  -0.6169179  -0.25417438 -0.5553328   0.99367064  0.41076964]]
[[-0.19890642 -0.11767522  1.         -1.         -1.          1.        ]]
[[-0.5234591  -0.6181158  -0.2497026  -0.56938934  1.          0.4111789 ]]
[[-0.1974478  -0.11427633  1.         -1.         -1.          1.        ]]
[[-0.5238872  -0.6190804  -0.24631613 -0.58208895  1.          0.41001862]]
[[-0.19722076 -0.11221077  1.         -1.         -1.          1.        ]]
[[-0.5259205  -0.61927485 -0.24483123 -0.59195435  1.          0.40538603]]
[[-0.19721791 -0.11045157  1.         -1.         -1.          1.        ]]
[[-1.        -1.         1.        -1.         1.        -0.7470721]]
[[-1.        -1.         1.        -1.         1.        -0.8371247]]
[[-1.        -1.         1.        -1.         1.        -0.9008558]]
[[-1.        -1.         1.        -1.         1.        -0.9427649]]
[[-1.        -1.         1.        -1.         1.        -0.9600214]]
[[-1.        -1.         1.        -1.         1.        -0.9775877]]
[[-1. -1.  1. -1.  1. -1.]]
[[-1. -1.  1. -1.  1. -1.]]
[[-1.        -1.         0.9245653 -1.         1.        -1.       ]]
[[-1.         -1.          0.79249656 -1.          1.         -1.        ]]
[[-1.        -1.         0.6430242 -1.         1.        -1.       ]]
[[-1.         -1.          0.44138637 -1.          1.         -1.        ]]
