0.39958976996939016
0.38429681460176784
0.3684972220703
0.3497512198907316
0.33048105919964277
0.3115237117755113
0.2933685168319557
0.2756286905061535
0.2584035394087991
0.2420682540821683
0.22603791425328473
0.210200293924751
0.19519363697359124
0.18144230707841644
0.1689419139470829
0.15781824626650115
0.1484781606645787
0.14125908334963874
0.13625557181724976
0.13336929142793935
0.13238810103434687
0.13300535456486962
0.13485785814451526
0.1375351577602729
0.14074422331524944
0.14369967840910292
0.1457259143935363
0.1470973522293074
0.14871087926791537
0.14969423902854254
0.1493999485237485
0.14826129535255236
0.14636388337166786
0.14377233646240284
0.14107454605142855
0.13816858697223194
0.13523230600290687
0.13233818844148934
0.12981573216318618
0.12769761548997138
0.1260109752326533
0.12472625244722214
0.12377529824066341
0.12310691478169268
0.12263121622603622
0.12228655263850477
0.12200631288530885
0.12173273076810273
0.12141829076520762
0.12102755333215001
0.1205373128004127
0.11993505212094614
0.11921925602896341
0.11839453025909813
0.11747261305116477
0.11646948522063112
0.11540064533370056
0.11428917261676505
0.11315754248740265
0.11202695939605976
0.1109192910105188
0.1098565325081499
0.10886551975837408
0.10835434458671898
0.10844415374997596
0.1088994138474667
0.10952455583575615
0.10905522857714364
0.10793202860561558
0.1062969116308837
0.10430846629322908
0.10235386033979878
0.10052982273484064
0.09883372257411048
0.097233976930517
0.09570275446042362
0.09424723208203536
0.09292776909908187
0.0918525673408667
0.09112416141908455
0.09079258444247286
0.09084250673104631
0.09116143375843587
0.09159017842142952
0.09194553562305191
0.0920725217688731
0.09187367416009709
0.09133287454933922
0.09051016745459155
0.0895019310542218
0.08841902636373654
0.08734653495892819
0.08633672258436068
0.08543053893415194
0.0846492797004691
0.08403549901714952
0.08363991944287757
0.08353392632103764
0.08375723976019676
0.08431651988513461
0.08510890659509601
0.08599570014392305
0.08673342479214774
0.08717164871607289
0.08716056887437854
0.08666291977089119
0.08573020087815866
0.08448004749837608
0.0830555689377857
0.08158464783403299
0.0801718836532738
0.07887946365298953
0.07776674625120347
0.07687924911919446
0.07627608589672875
0.07601428726046056
0.07614237603940889
0.07665271022646346
0.07746070441308894
0.07838487533112362
0.07920146276368593
0.07966814860593162
0.07958258437031143
0.07887106772455321
0.0775457893276808
0.0757612952817075
0.07369992031670632
0.07156365182227267
0.0695001852639961
0.06763211888139009
0.0660348071739368
0.06478687748668578
0.06396667163484011
0.06365493883558912
0.06390708881111468
0.06472936292310352
0.06600461262379313
0.06752540588180324
0.06897720202248905
0.07001061278800436
0.07032065683523059
0.06971894856864051
0.0681895584572077
0.06590293405737571
0.06315621616339728
0.06027303268830349
0.057499965118912116
0.05500264275941315
0.05291258469475656
0.05135145080436946
0.0504524422564728
0.05032137886404843
0.051034479066654835
0.052557658773625865
0.05476386737603359
0.057371771040298405
0.060008018854734786
0.062251375777235336
0.06368186130959562
0.06398305241567648
0.06295808341063373
0.06074552839703393
0.05764366930373266
0.05416292864466489
0.05074158976810786
0.047665617607018845
0.04511428892143258
0.04329508303972112
0.04239220484104481
0.04252270027811391
0.04371033188560074
0.045844751109429774
0.04869543267558917
0.051980079680340574
0.05538774418029611
0.058586630227523896
0.061239127135912785
0.06300570732529333
0.06357782637206968
0.06276519483606285
0.06059012785079698
0.05732221765612984
0.05349544902599361
0.04976727780538982
0.0465120311874693
0.043962210769909936
0.042529079330962324
0.042285210694103514
0.04329744231237006
0.04537044880321016
0.04821141358041701
0.05145515237735437
0.05485665991081832
0.05822833815897539
0.06140788333795394
0.06412978374084925
0.06606875809633361
0.06686581144112072
0.06632114610411874
0.06431502765990257
0.06094505116899627
0.056558318487232265
0.051881011928662596
0.047740884275502576
0.044243012780575464
0.0421900550794339
0.04161273867332005
0.042507990131752445
0.04465707159668377
0.047638368928075485
0.05084466024265147
0.05413605167641991
0.057389624988807876
0.06058672956930218
0.06339376031851725
0.06544999284217683
0.06628983699216427
0.06567928190213396
0.06348881578035029
0.05979136810271196
0.05473494331021362
0.048880190801074815
0.04327669137622674
0.03849096912947387
0.0349182523310915
0.033521660526759936
0.033681461559884045
0.0356705296759368
0.03854344589901556
0.04175695547477195
0.04505216061334896
0.048513464320846314
0.05203192915353251
0.05530992359450959
0.05782495284278514
0.059209579236302864
0.05909935507380026
0.057389296110188615
0.05393758118052464
0.04881516769752236
0.04238171922811904
0.035538964902697597
0.029305584319432938
0.023831268183693827
0.02031301828358326
0.019061382921318662
0.020228202348556337
0.02296330421792664
0.02643641622865347
0.030259106942029778
0.034484164072543004
0.03898219619788285
0.04344215186408311
0.04742519246947354
0.050541035081621076
0.05403637788408586
0.056046189399239735
0.056996168234564944
0.05588688278452141
0.05356885374331218
0.049557965157781804
0.045080002231822444
0.04047403056693373
0.03647535102415191
0.03313306463332158
0.030966900895410276
0.03012557978251094
0.030852496842534455
0.03296059197359383
0.03634018960330845
0.04063528354092798
0.0456206487022097
0.05074842969868781
0.05541206917597102
0.0590115417232031
0.06110358281184985
0.06135181876743691
0.05956348185469243
0.05590008615335657
0.05109677011402772
0.046137102473934787
0.04170960502679829
0.03787935109026618
0.034766016387309126
0.032640501560589924
0.03176433288551252
0.03227467882310957
0.03425228627512663
0.03755746258082995
0.0419630316243057
0.04702737700749433
0.052252545007669425
0.056942040824768385
0.060529753338611304
0.06251525842246498
0.06251546108460551
0.06040394815914369
0.056514418732393754
0.051737059100073125
0.04699487088928762
0.04282763385536304
0.03915957573490142
0.03618601921188554
0.03412659131087273
0.033203210174827726
0.033605652314151344
0.035409597570126204
0.03857090894463827
0.04283218487534613
0.047809593491346614
0.05290784602608344
0.05748936425836141
0.06093792159105181
0.06281228573787462
0.06268881487083157
0.06046826612204476
0.05653616538857176
0.05178813244393578
0.04715225055322514
0.04307107757226705
0.03946397591292901
0.036518784625628416
0.034458196003962493
0.03352614982062966
0.03389032770193497
0.035662703957375884
0.03878866041145888
0.043034601961817305
0.04798540687502503
0.05306457447360765
0.05762030116932616
0.06107760701749238
0.06290666517501152
0.0627641733441066
0.06048778249823209
0.05654864729943723
0.05179182222097636
0.04716836660546133
0.04310893502893377
0.039516204333555134
0.03659496477774259
0.03454016253434799
0.0336120285138127
0.033961398254418726
0.03572527465560269
0.03883526617089042
0.043073747082510334
0.048018356990351105
0.053089615724621356
0.05763153684868506
0.061063203538412776
0.06288398169599634
0.06270704889241564
0.06042446613004936
0.05647050120427869
0.051728075363754754
0.04713764055042723
0.04308259608428574
0.039500520106454814
0.036561929559442326
0.034511033204231836
0.03357199482259129
0.03392399155576405
0.03568192999740958
0.038796193006510264
0.04303493508195147
0.04796960470917502
0.05304342483343486
0.05758604662695777
0.06099292322959318
0.06280917827875805
0.06262322007385503
0.06034468076266545
0.0563938648802473
0.051662542185217916
0.04707325759009328
0.04302178618228266
0.039447638288200464
0.03651072168099972
0.03447626072955592
0.033539064398791674
0.033920089298635644
0.035681143122150503
0.038824397204679104
0.04305589453596306
0.04801786177827951
0.053073884624664246
0.0576022452172795
0.06101625793906882
0.06280559549575936
0.06260733237358834
0.060299804930659714
0.0563344925620875
0.051591675380549686
0.04699211361472047
0.042943966340354085
0.039367096008751115
0.03645570340854795
0.03440890077260224
0.033513263457761004
0.39958976996939016
0.3843061366183835
0.3685164391477654
0.34977088619872215
0.3305010252083765
0.3114945703580575
0.29331173625110574
0.27556320084470737
0.25831776530125933
0.24195475572945674
0.22589666825413274
0.21004236467411638
0.195022415162237
0.1812632697561131
0.16875517379899688
0.15762616545317973
0.1482757036651629
0.14104841877137833
0.1360251554196092
0.13310244851713204
0.13206511370731477
0.13264718920576837
0.13445302177871726
0.13711448122262787
0.1402428224325595
0.1431361789597633
0.14514058276714478
0.14654952491527068
0.14817195112405854
0.14917374862076474
0.14892004692939323
0.14783068566356672
0.1459753137590557
0.14342184189525675
0.14073915467052073
0.13785243537123726
0.13492811641694674
0.13198432264347662
0.12940816945761427
0.12722846347165884
0.12549061974000358
0.12416270667654526
0.12317532120961555
0.12247448340534026
0.12198037660449285
0.12162418157031361
0.12133647189882721
0.1210569814304981
0.12073655492913667
0.1203380982544479
0.11983659327349173
0.11921865937587815
0.11848342441418673
0.11763631751064371
0.1166887235206028
0.1156574035284806
0.1145565448208896
0.11341414349378606
0.11224667251004064
0.11107892702159929
0.10993843895316059
0.10884233407520104
0.1078219445128355
0.10731718166523978
0.10742339686338337
0.10787492532975897
0.10849203157134361
0.10803030100193621
0.10689971732528293
0.10526554639423091
0.10327297972866809
0.10132222653692523
0.09950008939389018
0.09780450191287535
0.09620127774029857
0.09466010794198002
0.09319016857253214
0.09185607427722277
0.09076601911873211
0.0900325509986991
0.08971252224135971
0.08978308344740474
0.09013377415485856
0.09058606836701293
0.0909702305264418
0.09110913243529908
0.09091091723059275
0.0903564134592434
0.0895139536014188
0.08848348012876792
0.08737801532609954
0.08628474439409248
0.08525927113947691
0.0843363211959174
0.08354029064923833
0.08290961073044696
0.08250238724657478
0.08239212678118883
0.08263577875710397
0.08322760453880029
0.39958976996939016
0.38429681460176784
0.3684972220703
0.3497512198907316
0.33048105919964277
0.3114894296903436
0.2933072487612462
0.2755954106794473
0.25836743875095564
0.24202403818497284
0.22598186567159392
0.2101261563820719
0.19513123157796042
0.18140366368029442
0.16889560892953198
0.15776967105360162
0.1484391402638229
0.14122722003620394
0.136224180473085
0.13334314118523602
0.1323746823107567
0.1329767755361686
0.13479425347996743
0.13747259403420092
0.14068180048358372
0.14365486891889417
0.1456748399489257
0.14703773518593274
0.14863584192351564
0.14963732373212818
0.149359034372805
0.1482179936592713
0.14631821793785213
0.14372514097304723
0.1410152419428515
0.13810941412659972
0.13516954442446455
0.13227752076685545
0.12975771226647853
0.12763980892276244
0.12596051354096102
0.12467887289207985
0.12373866545925614
0.12306429033984709
0.12259133480006489
0.12224771545145703
0.12196978747294979
0.12169818126069493
0.12138490436577157
0.1209949656370298
0.1205045260999417
0.11990227963880594
0.11918551691539557
0.11836067007808106
0.11743940173656832
0.11643474306273285
0.11536266747974319
0.11425374737146661
0.11312341252835192
0.1119946016604791
0.11088667924796942
0.1098301469842418
0.10884377622282959
0.10834216760284181
0.1084518968140718
0.10891988320847136
0.1095498166005578
0.10909327032469
0.10796885778080927
0.1063370748879218
0.10434425639746171
0.1023897529110918
0.10056224348098226
0.09886762857535464
0.0972665120896351
0.09573536065694692
0.09427929278643277
0.09296111059772189
0.09188134986229407
0.09114835909428205
0.09081054218749952
0.09085371523826448
0.09115771477206691
0.09158141223768076
0.09193300689638938
0.09206081968631068
0.09186285058803087
0.09132919996379973
0.09051239544257592
0.08951222893425842
0.08843165660060852
0.08735981979161989
0.0863537220746518
0.08544783215739828
0.08466913946259927
0.08405485289837854
0.08365952130953971
0.08354978859595567
0.08377456240342347
0.08432591923492462
0.08512107780693527
0.08599817775171914
0.08674640686103173
0.08718848590526411
0.08718280319694847
0.0866909974787054
0.08575977894781218
0.0845113261319068
0.08308246156106741
0.08160973875908262
0.08019105135635848
0.07889822808366775
0.07778308800319274
0.07689455730287885
0.07628855389056517
0.07602103958228675
0.07614418787857745
0.07664453232403895
0.07744488632674776
0.07836480386457914
0.07913974679744346
0.0795933773402584
0.07949072954468658
0.078782430151579
0.07746357249581916
0.07569886746879392
0.07365471892969055
0.07154214779110786
0.06949618274032521
0.06763665637808738
0.06604712619633667
0.06480477365575602
0.06398902027126302
0.06367748122324898
0.06392067884572057
0.06471697657994811
0.06597563282569904
0.0674676539863156
0.0688931296192139
0.06988610017722452
0.0701937603576935
0.06958517424724431
0.06807990723177734
0.0658169140456628
0.06311010755115641
0.060253954172402036
0.05750745270375258
0.0550300566245488
0.05295566893471357
0.0514100607020266
0.05051469504511743
0.05038721945942994
0.051087717339650264
0.052606227432050866
0.05478872626000858
0.057384825320177094
0.05998604028023808
0.06221462514003668
0.06362477259161642
0.06391695860073242
0.06291185266956123
0.060713749177336566
0.05763975403303457
0.054168610546935676
0.05075901906046335
0.04768750769041001
0.04516679704040024
0.043369017970692446
0.04248344920744083
0.042624995208404466
0.04381104607685458
0.04593413679355499
0.048768639293917296
0.0520180724478314
0.055394013572646304
0.05856558745787417
0.061194124482139504
0.06292627862640199
0.06347528809013982
0.0626484169779017
0.06047849367249859
0.05722612959027562
0.053432436544374524
0.0497353479318234
0.046527360264501626
0.0440412959390184
0.04263154426006065
0.04242535268714148
0.04344272632264456
0.04551944283770507
0.048341749364089935
0.051568372504758375
0.05494957106614271
0.058302133621424876
0.06146902263402605
0.06416032781482281
0.0660808128506244
0.06686271335086454
0.06630733660250032
0.06429115890829641
0.0609127289991426
0.056505189007854166
0.05182647922889091
0.04768836708760651
0.044217016170525016
0.04216193515834569
0.041610521029170275
0.0425123693832791
0.0446872151625507
0.04769605765884397
0.050912317095896276
0.054221662513498595
0.05747797218069951
0.06067883179661658
0.063466489786312
0.06550274504477258
0.06630699474915674
0.06564739476238775
0.06340793468876181
0.05965946341104925
0.05459118197377599
0.048716964465833894
0.04313484511141579
0.03831862185787215
0.03475995202288333
0.03342630494721764
0.03362472226098386
0.03564780647541892
0.03856165507549117
0.04178641882995706
0.045095777320781516
0.04855545763559573
0.05207933590254556
0.05535392788132931
0.05789158795918604
0.05926330640672703
0.059168174494950994
0.05743733871288063
0.05398453589919804
0.04883112683396329
0.042395710037553526
0.03552325948792783
0.02928609285359128
0.02376583258823442
0.020238990864264183
0.018974487460204276
0.020149533429749913
0.022912802387923727
0.0263974695966817
0.030233305437007148
0.03445947893151692
0.03896079974597401
0.04341064884457958
0.04740355289008472
0.05052837494397309
0.054033036540360305
0.05606361670016179
0.05703028010070871
0.05595536053160027
0.05364657557178164
0.04966634251330101
0.045192825607289294
0.040583732908586356
0.036602084570734196
0.03323648928346718
0.03109498359637085
0.030287321821249113
0.031012187745021253
0.03311190460387737
0.03646823571255697
0.040739387007541476
0.04570773526514187
0.05081227283168672
0.05546290896596349
0.05904031653525427
0.06111763624072681
0.0613381178798954
0.05952290336299215
0.055830242982261434
0.051020105785643935
0.04604021287810096
0.041614538254518295
0.03778306925023
0.0346938941397436
0.03263532869976797
0.03177094263465707
0.03234835950360119
0.034339549558413035
0.03769076464705902
0.04209796049618401
0.047199606260935494
0.05240408048350222
0.05708008194241051
0.06062100032981277
0.06256055683340035
0.0625161721676272
0.060347875965723156
0.056421500479675375
0.051613288850153746
0.04686967909440776
0.04271199452577599
0.03904378570175063
0.03607402866071715
0.03400798336475912
0.03309735381033463
0.03350562360676307
0.03533600378218564
0.03851571080850648
0.04280713459180414
0.0477908554228624
0.05289842596436111
0.05749778198808334
0.06097266976001441
0.06284173617717281
0.06272926517615192
0.06048575979752369
0.056552707423878246
0.051792615000752065
0.047147563259155215
0.04306418590025128
0.039454700228577805
0.03650253606216236
0.03443482224482749
0.03350874530563475
0.03386308599171415
0.03564585125450561
0.038767236219368444
0.043022536564841424
0.04797255931550242
0.053057855303350776
0.05761104696305086
0.06107772948415141
0.06290774969740444
0.06276728682603132
0.06048508312688376
0.05654682006200411
0.05179590692751921
0.047176642783234475
0.043111855902915566
0.03951558075294869
0.036571444286432
0.03451279135393911
0.03356726151891705
0.03391520711923617
0.035668459123732545
0.038781951272838254
0.04301965883057584
0.0479468519918284
0.05302054620341867
0.05757457243192977
0.06101953728236413
0.06287424813046345
0.06271527239727229
0.060442972052252936
0.056523546182290156
0.051785018178466646
0.04717183100759121
0.04311254737667682
0.03952079566327541
0.036586747851535095
0.03452166283353687
0.033616929487057495
0.03395740767464281
0.03574790685020683
0.038849705546878485
0.04310906618099588
0.04802443950763166
0.05310769955490644
0.05764666242433354
0.06107121277079066
0.0628864672441541
0.06269975496513538
0.06039975218226268
0.05643328065826149
0.05170043612838871
0.047086260184255456
0.043035884388208163
0.03945870736406721
0.036548319090278655
0.034510334134155045
0.03359434611235262
0.03395127375036868
0.03572795256693305
0.03884048832366599
0.04307449672918042
0.04800458554050186
0.05306652875977003
0.05757995641194576
0.06099270601415686
0.06277834851417778
0.0625870151489581
0.06027804998182551
0.05632476002996209
0.051580407780329664
0.04698234835878739
0.04293558501369265
0.039358257446246186
0.03643859248239606
0.03441173064551501
0.03352296771183156
0.39958976996939016
0.3843061366183835
0.368516433788614
0.34977088619872215
0.3305010252083765
0.3115081721234624
0.2933237639043962
0.2755512574264904
0.25828482963321503
0.24188054907861872
0.22583292030095065
0.21001565962566782
0.1950023087509867
0.1812073707350716
0.1686945624445897
0.15755392321203404
0.14822230473052503
0.14100757061262864
0.1359932851636887
0.13309363119034393
0.13208639616654497
0.13267156384193823
0.13450277590337642
0.13716485341286017
0.14029988704212415
0.14317087693635125
0.1451951092662691
0.1466152582723779
0.14823053158312288
0.14919424874993767
0.14891446184117024
0.14780403695617145
0.14593130208340502
0.1433646395652635
0.1406749518139448
0.1377771765895814
0.13484773789620502
0.1319039337306329
0.12933222392235116
0.127155464213315
0.12542508451979598
0.12409903682214954
0.12311815049247606
0.12242163657286473
0.12193108635358454
0.12158070971056223
0.12129450821830422
0.121015258105236
0.12069348777746669
0.1202926867148857
0.11978847763174895
0.119169713834341
0.1184326260397288
0.1175801257962576
0.11663034194221275
0.11559792112217483
0.11450055471706043
0.11335902133222017
0.11219226128146044
0.11102735686877056
0.1098836839729843
0.10879099750571013
0.1077723626479521
0.10727539395687934
0.10738666237970321
0.10785289328188408
0.10847621104273113
0.10802301068365963
0.10689409788809323
0.10526438689201836
0.10327995798513041
0.10133283796080848
0.09952518431536793
0.09783109012104446
0.09623345943377715
0.09469518524345784
0.09322862029719658
0.09189585475424865
0.09080882606330999
0.09007303778499971
0.0897497378216816
0.08979666951403431
0.090132319254416
0.0905657646635507
0.09094238204419501
0.0910754023906787
0.0908816606282908
0.09033515700042599
0.0895075922293516
0.08849037986534145
0.08739819769054577
0.08631413744138058
0.08529701977973206
0.08438108728545704
0.0835904498013405
0.08296420805165775
0.08255848671868574
0.08244374753750695
0.08267534404439239
0.08324709864588849
